0.7222597953947509
0.6188787482475137
0.5359701268682721
0.47257365685087055
0.41592416295615553
0.3743746979977151
0.3359959661939764
0.3082637012862357
0.2989630629676643
0.26715900448832725
0.22820625509568834
0.21914938773985468
0.18612921247063519
0.19215289709607303
0.16583792680321585
0.16187112104446663
0.1542890423229148
0.1406931857871931
0.13830753981792485
0.11215686183410688
0.10828428292130389
0.10883299718896673
0.10232974444202449
0.09473759048241029
0.09458501379293072
0.08496982046105561
0.08439680234766299
0.06415953213927075
0.061150532922577765
0.0652971862048014
0.06166683375089872
0.04818821494326807
0.046203233037033206
0.045775300574430175
0.04441807827481798
0.04183285279902534
0.04022590775324905
0.038378892736736815
0.06793090584304413
0.04082805715702816
0.049598879388867714
0.0435281932183921
0.028545662434624294
0.0268421325401039
0.026019874474742636
0.025207214318120147
0.02446604015480909
0.023696794634168687
0.023071599136762804
0.022368870215996452
0.02172750061990997
0.021160144328522583
0.027222894793702653
0.020010612725034092
0.01945920939072668
0.02402337285003859
0.017705612197920096
0.01841140939168866
0.01750190257619906
0.018382523733320562
0.018919414940224314
0.028102653001889626
0.027125406465414448
0.027081910814463057
0.026675043537082894
0.026206054601032286
0.026854825541097336
0.02684701350382034
0.026309099065163617
0.01927262824270682
0.02808859083670526
