1.783840516763915e-05
2.46420469401333e-06
6.819093609022928e-07
9.421723589414578e-07
1.1361562207014965e-07
6.93731610969266e-08
3.8515616664842194e-09
1.3303325293381074e-08
1.0426788596474383e-08
1.5990103264559385e-08
6.91344998749772e-08
1.0516372116183448e-09
1.329256662630332e-09
3.886943602166126e-09
6.219261187095262e-10
3.6496215918602207e-10
4.402067912669832e-10
9.115613277386634e-11
1.584711651504244e-11
2.3449512093384146e-10
1.100621538347871e-10
1.414022936501552e-10
1.866076022344461e-10
5.014127431876816e-11
2.4967038998189704e-11
2.886351522306984e-10
0.0
0.0
2.34543959212673e-13
0.0
1.5302134584513964e-12
0.0
6.080337835392029e-11
3.4180347153279443e-12
0.0
1.4918509787600693e-11
1.8660036324378842e-10
6.671513045170998e-10
0.0
0.0
0.0
7.025855485536176e-10
7.386687384188991e-10
3.844491761753779e-11
4.8845030863993353e-11
2.451962547752016e-11
9.754464710392588e-12
0.0
3.2470411087117405e-11
0.0
0.0
0.0
0.0
0.0
2.707308352812974e-12
5.134340491572616e-10
2.7407668774534205e-11
0.0
0.0
0.0
5.545487811576276e-13
0.0
0.0
8.84990238211761e-15
0.0
0.0
4.959705268332931e-11
1.9759608402888177e-11
0.0
0.0
0.0
