2.6988939731238643e-06
8.509889167359276e-06
1.2284042130045778e-05
0.00046488172576780664
6.073110393381463e-06
0.0003106575129088179
0.00022658759446183516
0.0006334000788458973
0.0009975013669856138
0.0006535596466063757
0.0001830912739172531
0.0004131474975968736
7.410178460650111e-05
0.00021887552191837068
0.0001406091143972532
0.0001501711615966249
7.709888270725575e-05
8.824727139762914e-05
7.11642368877881e-07
4.741016985775046e-07
3.286165823354977e-05
4.189323270447422e-05
3.0019840076131053e-05
2.9978204926814758e-05
6.308847648940169e-09
2.4012037461588153e-05
0.0
0.0
2.4932558741636915e-09
0.0
0.00013411007305947663
0.0
2.2618484453963695e-06
3.715869099636372e-11
0.0
5.05894921495771e-09
1.011120459337269e-07
1.11179304093088e-06
0.0
0.0
0.0
0.00021178133171091747
6.812234442158004e-07
1.3240958217835047e-10
1.4934355022663583e-11
3.226166689801638e-11
7.963273399103858e-10
0.0
1.8610545677825436e-10
0.0
0.0
0.0
0.0
0.0
6.704012684419976e-10
3.065864021274418e-05
7.278602379172502e-07
0.0
0.0
0.0
1.9020108080599647e-07
0.0
0.0
7.943162122048947e-09
0.0
0.0
1.4068893095298344e-08
1.6926506610097928e-08
0.0
0.0
0.0
