0.036760283766293485
0.01109232111063084
0.005051884054314423
0.004367739412663533
0.002571100402248916
0.0032388346018200165
0.0025938621833537074
0.0024648947016932413
0.002397583681221651
0.002309649881714636
0.0026408390305107067
0.00208087257254971
0.0020934527333098035
0.0021173611724056582
0.002036022966596426
0.002036341264674639
0.0020673575900285535
0.0020226578432560203
0.0020560358271776847
0.0020216728227127594
0.002005825196640929
0.002041266160278816
0.0020304622246745054
0.0020139342956909598
0.0020468479044097017
0.002039970708366306
0.002063132685183538
0.001985222028297353
0.001968699918706163
0.0020097967548801518
0.0021306990775335185
0.001972333965493379
0.001988614807060324
0.001997916679636989
0.0020254449111268558
0.0020616101316399227
0.0020690142807642167
0.002010007944800687
0.0022174466099518565
0.002035441758990604
0.0027872635944147244
0.00205925042396987
0.0020596302355167673
0.0020876640406638862
0.0020968416425787384
0.002083866571709338
0.002081373957120495
0.0020762664667936352
0.0020913829517080003
0.0020840730767902813
0.002069073830098344
0.0020791802224118866
0.002074280332492327
0.0020812615095529875
0.0020608933482215343
0.002034757641792033
0.002072208456458377
0.0020476496413353684
0.002056377431600495
0.0020704801792654297
0.002064998826097725
0.0019923525830741894
0.0019867203193380486
0.00199112874931812
0.001990187830723636
0.00198715795088193
0.0019974862440390578
0.0019951511125403313
0.0019879485107141045
0.0020552289770452603
0.0020189945709656004
