8.797258306621e-05
1.0162155395165225e-05
3.0959673120589663e-06
6.191391302953786e-06
1.025734560838083e-06
6.947718318125662e-07
5.030503625403461e-08
1.4108947857488453e-07
1.265252567127537e-07
1.736553980113687e-07
5.697877798107912e-07
1.3783055275688235e-08
1.9354771368723418e-08
5.1318633534804655e-08
6.596654582537565e-09
4.122124803653435e-09
3.1946775258568913e-09
4.713257728182985e-10
3.7461625492068295e-10
2.2699469498945496e-09
1.0350966308706925e-09
1.6704358714491475e-09
3.158159792886024e-10
1.1704242086610157e-10
7.071594217447315e-11
2.2224787733963813e-09
0.0
0.0
8.133640924238116e-13
0.0
1.9496862590160996e-08
0.0
1.050507822892197e-10
2.1939712091449805e-11
0.0
1.172248864382227e-10
7.404762292390301e-10
2.027876260199984e-09
0.0
0.0
0.0
8.210479801617795e-10
2.324437836903699e-09
2.0783550400796099e-10
3.238926259527917e-10
1.0804180436831251e-10
4.271401121725232e-11
0.0
2.2076288950462327e-10
0.0
0.0
0.0
0.0
0.0
7.0685428595065494e-12
1.5538060903645182e-09
1.7723071295068802e-10
0.0
0.0
0.0
3.0135760984617687e-12
0.0
0.0
8.796512657243968e-13
0.0
0.0
9.602285281011292e-11
1.4587325292605818e-11
0.0
0.0
0.0
