3.595500967684062e-11
8.341705156253313e-10
1.352904524839946e-09
2.491397489316289e-05
1.94558556519717e-09
3.2058519265281487e-05
3.3104278744760164e-05
0.0001145502337450172
0.00023488735936181762
0.00021762159949421288
7.557201558751247e-05
0.00019387024425867629
3.948814269074668e-05
0.00016320605315013173
0.00012729140976062566
0.0001570114188187914
0.00011328135669272144
0.00013880861482413022
2.1464771034960997e-08
8.571314297638506e-09
7.075860377817354e-05
0.00010678147342145108
9.947491614915856e-05
0.00010813069174716488
1.2215189416934735e-10
9.996200680067667e-05
0.0
0.0
5.953778916191472e-11
0.0
1.3504774331366136e-08
0.0
5.3626894222693056e-05
8.359654817923138e-15
0.0
3.227700781323287e-10
1.1406941517407716e-05
4.0667081012512164e-05
0.0
0.0
0.0
1.4187842735079137e-08
2.8886662578861684e-05
3.84994499645754e-12
1.0138364655064028e-11
8.57429618959393e-13
6.0090981161151715e-12
0.0
4.771991081262335e-13
0.0
0.0
0.0
0.0
0.0
5.892387999845e-11
6.194985736183348e-10
1.1343309415154268e-11
0.0
0.0
0.0
8.810800256811843e-11
0.0
0.0
3.0686919196823395e-14
0.0
0.0
6.13813582739184e-13
2.1974956464619435e-12
0.0
0.0
0.0
