0.014662845449034583
0.00421988240602229
0.0018919394720627145
0.002021820162122858
0.0015466564693368352
0.0016896253608558475
0.0014919846774424548
0.0015022116614997153
0.0014971478892023536
0.0014769172837775474
0.0016006196439569242
0.0014213164169814972
0.0014203920016597588
0.0014328820760139975
0.0014169516212424616
0.0014169646712519077
0.0014252286587442212
0.0014116191080669575
0.0014259001535580948
0.0014123109571470985
0.0014076572086484435
0.001423586719044729
0.0014185104728656646
0.0014110885419122074
0.0014236350824131897
0.0014167694416948287
0.0014374511168265618
0.0013983506103129556
0.0013962896975269078
0.0014155290623229324
0.0014092770245057926
0.0013860724270381374
0.0014051527411327667
0.0014131874197571258
0.0014179148785104182
0.0014503078653460245
0.0014519209939610578
0.0014206323423617228
0.0013936018209442427
0.0014035623460095837
0.0017564080394125905
0.0014217387114494248
0.0014436303187867852
0.001460369270925917
0.001462896861817731
0.0014585205097720532
0.001457034848354479
0.0014556882206707728
0.0014606819510557534
0.0014589316390262177
0.0014524962636462003
0.001456573551449935
0.0014443924465452043
0.0014568234194561242
0.001447546589636132
0.001431944277818137
0.0014527214178134578
0.0014419687720775888
0.0014447666022596281
0.0014510876469019682
0.0014481903468894315
0.0014014378437254987
0.0014001560745560311
0.001402520494749679
0.0014018413732385822
0.0014013184225587015
0.0014082795321754722
0.0014063282231389785
0.001401971502349733
0.0014429344115656259
0.0014072403154683536
