0.961717165966738
0.943357455720621
0.9255200033640721
0.9088925435058868
0.8913388305446885
0.8759568958745466
0.8601217782790245
0.847720362554417
0.8436589602737173
0.8266259661317865
0.8022968021425892
0.7969639674805538
0.7730885210889159
0.7758466511107145
0.7521309530559122
0.7478720769395185
0.7393953536017375
0.7234222031928901
0.7207899113145858
0.6858518608242077
0.6785402496419519
0.6786259822111802
0.6675947134654677
0.6535739897170849
0.6534975490499133
0.6332646596884539
0.6329414530506797
0.585820804942832
0.5770444816884863
0.5861216373656527
0.5365083129416832
0.5287783122453033
0.5211760524027895
0.5209675585327526
0.5138208320108116
0.49245372916625263
0.48654413051337075
0.4836507359744422
0.4542899187024058
0.44226718703155726
0.4365231587386128
0.430891755606941
0.4198862196264136
0.40928307437742795
0.40415196311713975
0.39911510882387996
0.39417176291979006
0.3893001485275267
0.3845615858595252
0.37988442827470126
0.3752554480907671
0.37078314548480934
0.3663060569777022
0.3620068165981177
0.3576978233766569
0.3493876413666527
0.33743742550093475
0.3336232034331808
0.3118368595201572
0.2829904643784
0.2714527500786058
0.27443192361726865
0.2633828354525995
0.26072770520701244
0.25810363791037716
0.2555159473014917
0.252993574971662
0.25049349094375617
0.24802935597087214
0.22307065152591382
0.10838655192958106
