0.21837975351031846
0.10220924151667575
0.05954182284246484
0.04322261977438692
0.030598882361876172
0.025959924105232932
0.019708607123090433
0.01615830147559246
0.015254826520343448
0.013450271940901815
0.013840067486518618
0.008412218541445894
0.008090828350018479
0.008445715384532083
0.0065566633801128925
0.006691791103018151
0.007559016843281354
0.006951521089982479
0.007181338308126016
0.006083593306363865
0.005907372545018027
0.006272655747791927
0.006379731923664767
0.006335120671740586
0.006489619448130414
0.006717960194497281
0.006408923426940582
0.0054381326820316595
0.004749642614560017
0.005114960756629749
0.008993320880771143
0.005817613827464912
0.005228958845315311
0.004898360197155618
0.0056420119412852665
0.004879491496510603
0.005063113425075767
0.00480570705424594
0.012380559669438532
0.005946495102775317
0.008376441040102265
0.007092748309959701
0.005038474858323793
0.00510880702908926
0.00526308330632149
0.005081658642975335
0.00508244718086764
0.004912369917504468
0.005183950535010486
0.0050661259788116995
0.004861621526557019
0.00499239627670252
0.005446465902652873
0.005026281897098395
0.0049302059404922076
0.00499489300115589
0.0049522488108008755
0.00487012701251684
0.0048876298482336605
0.004937343751295488
0.004919473784882886
0.0049704671514120575
0.004848890837467597
0.0048820243941651836
0.00488394905583106
0.004783453469773206
0.004937813647207762
0.004950609341605449
0.004788524069323107
0.004851451469497657
0.005644526831654378
