0.00047251845210082927
0.00011182998242016229
4.5854090771232475e-05
0.00010544863286035774
1.3499576318656276e-05
2.438242649359788e-05
6.202835030541885e-06
1.1972028442104464e-05
1.3744685839648727e-05
1.0811014645358074e-05
3.079904251596509e-05
2.745309639209108e-06
3.567018121966351e-06
7.116291578796278e-06
2.2922660164787456e-06
1.7923051181180219e-06
5.415844143356545e-07
7.440752125353343e-07
1.0657432240064397e-06
8.101386370992049e-07
8.152767335461311e-07
7.926634782436946e-07
1.9338249238905855e-07
1.1237808052666444e-07
1.6485240254277776e-07
1.2703892228547288e-07
0.0
0.0
3.763387923808167e-09
0.0
1.9677018903819094e-05
0.0
5.064166992801594e-08
7.466066448449766e-10
0.0
2.9157960848430203e-08
8.804948113294896e-08
2.1464842494264672e-08
0.0
0.0
0.0
2.2105111430034624e-06
7.002922987511292e-09
8.604319683070076e-09
3.985958410803928e-08
5.124025325038335e-10
4.268457079712102e-11
0.0
2.86899918923957e-08
0.0
0.0
0.0
0.0
0.0
2.0518539208430673e-10
7.3885766512459084e-09
1.9937079345602347e-08
0.0
0.0
0.0
2.4711533610653186e-12
0.0
0.0
1.2087798999524588e-09
0.0
0.0
9.623519522003919e-09
3.9915488061239965e-09
0.0
0.0
0.0
