3.0808489355327446e-05
2.8489883648242087e-06
3.3604682308436253e-07
1.3193197158881991e-05
2.2136222560085914e-07
2.274886002630213e-07
5.196796593750875e-10
9.00214358280018e-07
8.665532598962424e-07
8.472118340672297e-06
3.7044077666850274e-07
8.377154303830438e-09
4.854626565965727e-07
4.739425600460628e-08
1.1046495437646848e-10
1.9360420846435945e-07
5.30835976970729e-10
7.31317214101951e-08
7.270831059568091e-08
4.123067768765261e-10
5.561975905780751e-09
5.588966558353509e-10
3.9050617877348254e-08
3.153324205578541e-08
4.069021116981116e-08
3.1471754525433284e-08
2.3862433186252106e-09
1.8166562490719266e-08
5.126295342473658e-10
1.195330091015798e-07
4.7519878603624006e-08
5.259843291731893e-08
1.8268494178330827e-08
1.2698523903185322e-10
1.423237515072114e-09
9.08544573003821e-10
3.955370611436266e-10
5.521722677001082e-10
2.1157668757376307e-10
1.7409405418846772e-08
2.2735936956952928e-08
3.462479853805022e-10
9.431781825414128e-09
4.542057007559051e-10
5.724040355534512e-09
4.562682392085486e-10
8.818962450513783e-11
7.994036895784003e-09
6.207758567206556e-09
9.345706359970614e-11
1.7414681552781988e-10
2.0247202434690968e-10
8.505201873342986e-10
6.379170801710436e-09
2.0340805453103944e-08
5.816167444817139e-09
2.0227764502687556e-08
2.809433501303586e-10
8.927898093550903e-11
6.2132090229482984e-09
2.5807917261089223e-09
6.356657164637652e-09
3.900399044546022e-09
1.0573765205172802e-11
4.409075082492418e-09
8.98828184465704e-12
0.0
1.3031313323880772e-08
2.060553235637006e-09
1.9412568462765092e-10
2.623492221379982e-11
1.132295091716554e-10
8.085353542658243e-11
2.7900440830913836e-09
0.0
0.0
6.916497005692222e-09
1.2109505771035976e-13
0.0
6.276115574245345e-10
1.928842329013351e-09
4.0670714373919565e-09
2.5206929220031972e-11
6.115626906881775e-12
1.2360584807075394e-10
0.0
5.90016641375199e-09
1.7623171650610067e-09
0.0
0.0
0.0
0.0
7.281742261705236e-10
0.0
2.842781120105606e-11
0.0
0.0
6.8961439067438775e-09
0.0
0.0
0.0
0.0
0.0
0.0
0.0
6.006725180870619e-12
0.0
2.3088753021597878e-11
0.0
0.0
0.0
0.0
0.0
0.0
4.408384225283636e-13
0.0
0.0
0.0
0.0
6.308133744202815e-09
0.0
6.117379547803579e-12
2.3876269638828263e-11
5.0717033027745425e-12
0.0
0.0
0.0
0.0
0.0
0.0
0.0
0.0
0.0
0.0
0.0
0.0
0.0
0.0
0.0
0.0
