5.716354569484497e-06
4.3817989024815587e-07
4.7352813055578177e-08
2.518325049374268e-06
3.555572037347227e-08
2.5310209156663836e-08
3.6812238872240824e-11
9.072788501019555e-08
8.218843408616793e-08
1.2206161048123956e-06
3.152320881781055e-08
3.502739761117612e-10
3.83074357795377e-08
3.5907703879025573e-09
2.6749391705318305e-11
1.3568851450036204e-08
4.8903847924915684e-11
5.036147870300737e-09
4.900569536834376e-09
5.19365494737846e-11
2.703142074864043e-10
4.947661501792846e-11
2.7084346799055303e-09
2.0857706642078214e-09
2.7395467716328363e-09
2.160234797438365e-09
1.5807177364015243e-10
1.278176691479888e-09
5.5714300202987746e-11
1.030913198669846e-08
3.5803971084420987e-09
3.905299553280972e-09
1.590794532763665e-09
4.0621551723597665e-11
1.268580808071222e-10
1.3231176573755765e-10
2.5087844281637983e-11
4.047152977875465e-11
1.6510632184215707e-11
1.5151710399093554e-09
2.14800299000471e-09
5.5751589798086765e-11
9.062173266380811e-10
7.064501312548594e-11
5.562037622270527e-10
4.3309697814561865e-11
2.979459380536027e-11
9.755877127166157e-10
7.780684667481068e-10
4.5722746510346204e-11
6.835647597646511e-11
1.8404144734812235e-10
4.151323794457972e-11
8.749372866584655e-10
2.546646501771322e-09
8.708223040975752e-10
2.609277776047008e-09
2.8747936748812386e-11
7.525908802942749e-11
8.8669706392508e-10
3.9656806192553895e-10
8.153862027892386e-10
5.664480989978797e-10
2.0319256724008395e-12
5.126991516157316e-10
2.4046852863615785e-11
0.0
1.6908553955660785e-09
1.8020218039806842e-10
2.250257366035758e-11
1.1426545151321502e-11
8.485353781314884e-11
1.5094215635823264e-10
4.973229005580345e-10
0.0
0.0
7.112071325997802e-10
9.936136943494797e-11
0.0
9.088130909375543e-11
4.5938351088452924e-10
4.1745524656403505e-10
3.2019924317375964e-11
3.1538052449571616e-12
5.748463285461294e-11
0.0
9.89188201879821e-10
3.014240082326604e-10
0.0
0.0
0.0
0.0
1.1758811699796162e-10
0.0
2.723188555188973e-11
0.0
0.0
1.023921025508092e-09
0.0
0.0
0.0
0.0
0.0
0.0
0.0
1.125289164054838e-11
0.0
9.273957692331722e-11
0.0
0.0
0.0
0.0
0.0
0.0
6.00518641219348e-11
0.0
0.0
0.0
0.0
1.5299560731074746e-09
0.0
2.6373760885134825e-13
1.5376008393051197e-11
1.4138562275387215e-11
0.0
0.0
0.0
0.0
0.0
0.0
0.0
0.0
0.0
0.0
0.0
0.0
0.0
0.0
0.0
0.0
