0.016389290938342894
0.004975995655590084
0.0024194208457669667
0.002168676826578446
0.00171778063519912
0.0017122973750643036
0.001674795070184389
0.001750308546040214
0.0017527914512348352
0.0019860772007691623
0.0017244106608026502
0.001683070378759063
0.0017488145113833565
0.00170745941763798
0.0016783219042315035
0.0017155493368363637
0.0016831814282609078
0.001698339609508763
0.0016987924137973152
0.0016815118058791413
0.0016898870959505168
0.0016811277585700984
0.0016926633047375877
0.0016901497158741266
0.0016971189842930779
0.0016955131235983493
0.0016781631896870149
0.001681245825128959
0.0016756812588754342
0.0016990845346462945
0.001702671525230729
0.001719658458817522
0.001682992701705782
0.001670644640245864
0.0016719450621885735
0.0016723309836597033
0.0016665435264883923
0.0016637441637079081
0.0016649611931917323
0.0016871265555362977
0.0016955092398694537
0.0016654721527053372
0.0016713599328430217
0.0016638692103824607
0.0016690945164866441
0.0016638220679712518
0.0016613607335546265
0.001670457611246079
0.0016720092569795187
0.0016559309446461483
0.0016590584091805993
0.0016554580557259688
0.0016690332272108746
0.0016642355867647063
0.0016859102968810233
0.001668221809382849
0.0016742407426134955
0.0016526916756828226
0.001656979219251726
0.0016716798558542075
0.0016608111754961182
0.001682805919557806
0.0016652345192899023
0.0016495108214766578
0.001686043025474909
0.001647370215307725
0.001647049490960551
0.0016840127039656554
0.0016584136513674557
0.0016496335740631065
0.001644457338721191
0.0016543549594876257
0.001643975584127213
0.0016606745351962666
0.0016529903906781303
0.0017043808450831167
0.0016678353145455622
0.001647667269227627
0.0016397080781093496
0.0016526535698010863
0.0016533666643219235
0.0016924208330484868
0.001643226600547223
0.0016445090153838619
0.0016480307943252434
0.0016868091101643135
0.0016712559432116296
0.001653341159659312
0.0016501561873080285
0.0016882812947173575
0.0016668954431856055
0.0017134688384198727
0.0016544297043219703
0.001637278839744734
0.0016487182026897768
0.0016489663466706722
0.0016336630175701266
0.0016684129548864715
0.0016486636182597577
0.001641004500186947
0.001638384618174111
0.0016393924043506156
0.0016382946276682431
0.0016778187927737516
0.001639147384436375
0.0016326227771431075
0.001676221041152424
0.0016380305793849098
0.001639565581249016
0.001664205450110486
0.0016476548592508835
0.0016448927903292359
0.0016341752908517753
0.0016448711758964302
0.0016411568090246727
0.0016705364173452957
0.0016371683955891004
0.001646487505002269
0.0016646320891436207
0.0016726658182770408
0.0016414707294517526
0.0016356316558820748
0.0016410139407775908
0.001634731337212559
0.0016950622918112692
0.0016452332518126008
0.001655394130937136
0.0016347948476790762
0.001650207922159996
0.0016949777020455496
0.0016382150237891331
0.001647754863831251
0.001647666595846933
0.0016384008932603636
0.001644675716490772
0.0016525995156457143
0.0016720520323579133
0.001655150524104234
0.0016617052999627342
0.00165759653284804
