1.502049230838603e-05
1.902578227946044e-05
1.8419162076474262e-05
2.8595776833866392e-05
1.816217709687748e-05
1.3467850966008527e-05
1.0891076278465396e-05
7.960535307357974e-06
9.230018940267331e-06
1.1426539080333341e-05
6.339179345029696e-06
1.0951682360638077e-05
6.157658057823969e-06
3.824248441578719e-06
7.821458308644382e-06
4.380887205821899e-06
2.8009858467614615e-06
3.496299171980904e-06
3.919528599629288e-06
2.8211737872001413e-06
2.619439983305818e-06
2.9228249152345905e-06
2.1029848741030407e-06
2.5224743777531255e-06
1.8302461277630393e-06
1.5873629357812756e-06
1.3732594390698082e-06
1.5035072615502115e-06
9.678528655279979e-07
1.1205648955718622e-06
7.260547596937657e-07
1.6471787320430083e-06
6.328513653662784e-07
3.017474376607137e-07
5.251940591469034e-07
4.1378222404496703e-07
7.126416174978337e-07
1.0577572646174458e-06
5.078142339853514e-07
5.724797954448434e-07
1.8028825005318998e-07
2.195740847003244e-07
2.7135245310633907e-07
2.0761758973202304e-07
3.153610643638991e-07
2.733934369040974e-07
1.2806905370413056e-07
8.943948069367302e-08
2.3480248078074066e-07
8.072941848601315e-08
1.898924612268398e-07
1.220566651960934e-07
1.4043740928550336e-07
7.423961516092266e-08
6.687198474550248e-08
2.669548517284949e-08
6.477731764419767e-07
1.1184258635415973e-07
1.6523187427995007e-08
6.025363213150166e-06
4.0453859902514655e-08
1.1472106224194022e-06
6.282567562341356e-08
3.19066388130955e-09
4.925428712771078e-08
5.737263336420207e-09
0.0
4.400048132655444e-06
1.9278438879045555e-08
8.567612088414338e-08
4.261649969424377e-09
3.6607507749858976e-08
1.3447280902911797e-09
7.990844864106755e-06
0.0
0.0
1.9486257555982753e-06
7.092458398169318e-06
0.0
4.628156017320139e-06
3.3483028960071863e-06
2.315413772250043e-06
8.434605731119751e-07
1.3415204816226064e-09
4.191328398419326e-06
0.0
1.4672253380883616e-05
1.6135135647187915e-06
0.0
0.0
0.0
0.0
1.7765176498000495e-08
0.0
3.2609172113747793e-06
0.0
0.0
9.10160451708617e-06
0.0
0.0
0.0
0.0
0.0
0.0
0.0
2.2252433787863082e-06
0.0
3.224580850319524e-06
0.0
0.0
0.0
0.0
0.0
0.0
4.661003012650123e-09
0.0
0.0
0.0
0.0
1.879051091572456e-05
0.0
4.913406262003801e-07
5.070335575597619e-07
1.8829538513311645e-06
0.0
0.0
0.0
0.0
0.0
0.0
0.0
0.0
0.0
0.0
0.0
0.0
0.0
0.0
0.0
0.0
