0.00043250205539221645
8.547125389169804e-05
2.404925763195474e-05
8.460795981507486e-05
2.405013420328459e-06
1.8516028392555041e-06
5.982295387311765e-07
1.841227194660909e-05
2.2441121780423054e-05
0.00017935172257593933
1.4600619703105945e-05
8.610882596834538e-07
2.7766839933559528e-05
6.217864506114625e-06
9.014373764779917e-08
1.6431214416829983e-05
3.0621022676467425e-07
7.476364101514953e-06
8.089453433112546e-06
1.6159661312777618e-08
3.718121364608151e-06
4.935037304955016e-07
5.389552765043897e-06
4.8545123703644576e-06
5.585800173599082e-06
5.21875845883818e-06
7.959594290770261e-07
2.7334795763555296e-06
3.859554363412472e-07
1.087867730470954e-05
7.691299905599053e-06
8.328756541251162e-06
2.8870096267304766e-06
5.813115537727481e-08
1.1260099962757992e-06
4.167757931477792e-07
2.182715836458755e-08
5.695451391439309e-07
2.63435153884623e-08
3.264230672362373e-06
4.69877466732255e-06
1.6799597126941078e-07
1.6829210383795481e-06
1.4054545175521597e-07
1.1711377092578112e-06
2.1526670422953352e-07
6.43893671551644e-09
1.6566979271835355e-06
1.4663056364080983e-06
1.1803993125877206e-08
7.775918892035933e-08
1.0333113133010514e-07
5.350779645978235e-07
1.0064241498062647e-06
3.2824005664999526e-06
1.3558744787300706e-06
3.3393973723178296e-06
3.153887395851137e-08
1.550257409522052e-08
1.6496871139779826e-06
5.141858162439369e-07
1.1677174477598946e-06
9.652607821038705e-07
5.448279655748929e-09
4.904640858432087e-07
7.034876785302906e-09
0.0
2.007102587428655e-06
3.9942048732291435e-07
2.7167261142437628e-08
4.198806418725052e-10
2.956113071688519e-08
4.8528434203287976e-08
7.206635423665436e-07
0.0
0.0
1.0215147375334769e-06
4.404310674943838e-09
0.0
2.3614513689771248e-07
3.4864458094666755e-07
3.4908142136602175e-07
3.2384149927010424e-09
9.66209127007398e-09
2.1595300013278544e-08
0.0
1.0727032650022112e-06
2.8103405715215456e-07
0.0
0.0
0.0
0.0
1.043151577069336e-07
0.0
3.016027181922438e-08
0.0
0.0
9.918795003035209e-07
0.0
0.0
0.0
0.0
0.0
0.0
0.0
6.684339842921495e-10
0.0
2.0143217042150157e-09
0.0
0.0
0.0
0.0
0.0
0.0
3.0360442729974267e-09
0.0
0.0
0.0
0.0
8.720171442285989e-07
0.0
6.0038833805501375e-12
8.464332230121155e-10
4.9806741656472525e-09
0.0
0.0
0.0
0.0
0.0
0.0
0.0
0.0
0.0
0.0
0.0
0.0
0.0
0.0
0.0
0.0
