0.8345011649095758
0.7067108297991865
0.6078331167663115
0.5282170607988907
0.46109966341572745
0.40723020579791186
0.36204340978668814
0.3233050257990789
0.29129253026566027
0.2665983908934088
0.24127984760173424
0.22198033410302098
0.20214967531710912
0.1858071478610608
0.17250289147397824
0.15883527615951837
0.14825762858519126
0.13713372130953683
0.1288586446353976
0.12027935299791818
0.11293583709348408
0.1063269771819523
0.10035312979878468
0.09427075259920573
0.08986942131947126
0.08466346803295517
0.07988189311806229
0.07588885632905952
0.07152325708452549
0.06804269516846974
0.06509709937705836
0.062416714003775894
0.059740742442484326
0.056601555546450424
0.054378273244741836
0.05203223755433215
0.049876678874598214
0.04779485967837608
0.04604441324280338
0.044158381114320897
0.04218772453247493
0.04062544991518604
0.03939752514797212
0.03772091796575089
0.036439389423379515
0.035559047985144976
0.03379940087414845
0.03286185630546721
0.03187579929445096
0.030522987967352328
0.029845504944461674
0.028451305535017065
0.02822032214768483
0.02676347849904109
0.026107677916782257
0.02545948787805062
0.0251221357850185
0.024110815694620664
0.023404246419051047
0.023781374245175485
0.021954695180598217
0.02212199419991277
0.0206880613409539
0.020020751312809698
0.01990768786650164
0.019227767599242714
0.018607690847236534
0.019369703348768506
0.017703760174382913
0.017447199390034963
0.016827531449149426
0.016524976994587014
0.01594930426057572
0.017304611436508875
0.015303993852373863
0.02057940326030206
0.015946075975889863
0.01750240038212083
0.013652486831094313
0.01542415582941079
0.014930074744748797
0.019113066743964867
0.013442957337905872
0.01372928801708575
0.014887132358400834
0.016910964437600408
0.016819504655199876
0.012563828516805617
0.014759637054665977
0.01616199018152561
0.014238103502103212
0.022860624710393428
0.01389071751926067
0.011380701182251972
0.014421510567367157
0.013779943255974274
0.013114616568659258
0.016582271634299896
0.016201228913680987
0.01159702832054617
0.011348194671942903
0.012101218189652329
0.012955229194992526
0.01378937943957707
0.009995203168247955
0.011448547100585009
0.01722430897259659
0.011370416054548213
0.011999575630290067
0.015031488153604644
0.013346388343074299
0.011957696648740223
0.010969270375254721
0.014153754154830488
0.012417408381897307
0.01706050206623809
0.010165723456919056
0.014523356108525768
0.014032266601431507
0.014457407683448937
0.01116169180142049
0.010757833643295283
0.012101170196440322
0.010536437353557648
0.01595957004298311
0.011187218731291514
0.012135419198662008
0.00976011887979457
0.011755409125286068
0.015288351879138956
0.010080103112502367
0.011989141014786717
0.011194999681224367
0.009939879577762467
0.011350807037377458
0.012029011409386243
0.012919292255973915
0.012231612247683689
0.012238717535381922
0.011429500882655087
