1.1548259692500548e-09
2.7909035726810635e-09
3.711049573577077e-09
7.031664121226836e-09
9.23506791725305e-09
7.813727512786458e-09
1.0274589558709408e-08
1.0552327545410048e-08
1.4264305450108055e-08
1.181681783131457e-08
1.3582059461779335e-08
3.054996916972338e-08
2.03516172876384e-08
1.6348941612694715e-08
3.257632714702675e-08
2.40165747765984e-08
1.5351741769652912e-08
2.7601644375121756e-08
3.6523758439316383e-08
2.6795042831929377e-08
3.3649085015808834e-08
3.727055787477189e-08
2.6574874677507906e-08
4.399339258830828e-08
3.604972684961538e-08
3.10543453915213e-08
3.618841105694527e-08
3.712694326173965e-08
3.742635042455361e-08
3.7910100271209956e-08
3.5999766144001063e-08
7.599571056648843e-08
2.52585167023299e-08
2.5688332472730085e-08
3.193811138285312e-08
2.4065801720976658e-08
3.5524314230685144e-08
6.293636678135292e-08
4.4284525071129704e-08
4.5805211164439486e-08
1.9234126740446258e-08
2.0424845729442135e-08
2.141795856921987e-08
3.0722857957848376e-08
4.894927171391234e-08
3.808600328234558e-08
2.5517740755640928e-08
1.8861423007294044e-08
3.592494078820387e-08
1.6593669091688848e-08
3.4204812466483934e-08
2.6902285667981485e-08
2.1583632420991622e-08
2.0554351336846715e-08
2.3567153573127977e-08
2.981813288122588e-09
1.1165411105733632e-08
2.7713229571230425e-08
8.1394166349396e-09
1.9486017202913094e-08
1.0824585445076047e-08
9.2952622877315e-09
2.1638227402720218e-08
4.008813225263394e-09
4.1570838823842525e-08
3.575706164335735e-09
0.0
2.514867802372238e-08
9.404315429550562e-09
2.4439637189984493e-08
1.9302498855820736e-09
8.432189568472193e-09
1.0208566919491941e-09
9.005556165264609e-09
0.0
0.0
3.406841745533872e-09
3.995558505307615e-11
0.0
1.0685536295878556e-08
1.9847476546220932e-09
3.808958049030887e-09
3.1668454874106927e-09
9.522028904935368e-10
4.121889656167493e-09
0.0
8.737417312464083e-11
4.062594903075791e-11
0.0
0.0
0.0
0.0
2.9151338104962987e-10
0.0
9.011644199574007e-11
0.0
0.0
1.7653929536330177e-09
0.0
0.0
0.0
0.0
0.0
0.0
0.0
1.6341825099812202e-09
0.0
1.043456123467395e-09
0.0
0.0
0.0
0.0
0.0
0.0
8.281844040583725e-09
0.0
0.0
0.0
0.0
6.768153802737449e-10
0.0
7.257598631960123e-11
2.3984214549284927e-10
2.0536197432351644e-11
0.0
0.0
0.0
0.0
0.0
0.0
0.0
0.0
0.0
0.0
0.0
0.0
0.0
0.0
0.0
0.0
