0.980511940835829
0.9615836734895244
0.9432248533817912
0.9253777150141688
0.9079994911267609
0.8911276793045891
0.8747237744637063
0.8587353076754457
0.8432250666785261
0.8282341848718149
0.8134949898957645
0.7992430445152657
0.7852300109538292
0.7716648681055952
0.7584820883224925
0.7455253048243023
0.7330278631072231
0.7206803157114865
0.7088217885040864
0.6971310589771802
0.6857923741735505
0.6747279816425552
0.6639341419183119
0.6533257935986401
0.6431197354194783
0.6330116891947326
0.6230987621134677
0.6135011991201698
0.6040094945100303
0.5948340603319977
0.5859224836503634
0.5771971273763241
0.5687088997954911
0.5602175892379702
0.5520518836119379
0.5440218058961191
0.5361801268039826
0.528458518596883
0.5209912195176503
0.5136171265469781
0.5063280286795107
0.4993133835725808
0.4924847102308295
0.4856552880013896
0.47905870418909635
0.4726955379235832
0.46612761014619436
0.4599771464120105
0.45391415928004214
0.4477967921620804
0.44205527417677154
0.43611546984224486
0.4307595208631687
0.4249479291693153
0.4195885619556896
0.4143145148334238
0.40908028567576316
0.40405620367366324
0.39901852738220345
0.39396760595999875
0.3891175290384856
0.3844508445102552
0.37962882159535644
0.37499518557617595
0.3707359058667
0.36620240454513436
0.36179398830376797
0.35761386010455143
0.3533664211703405
0.3493161093869238
0.3451741191722741
0.34119348809148997
0.3372237886603894
0.333456727823703
0.32966245041299497
0.3226034577239067
0.3186518420116912
0.3152429389595768
0.31170347884347704
0.30831412218731813
0.304974300893879
0.3016956107689286
0.29835653057912803
0.295211121679244
0.2920845074882266
0.2890156505125553
0.28287572231145813
0.2798789978824737
0.2770823107833503
0.27153179977695807
0.2687398750219224
0.2657743549742604
0.26316427770351747
0.2604636116373904
0.2552429041663461
0.2503186151094833
0.24545559612546375
0.24301007806939903
0.24060685297608295
0.23828137685422224
0.2337136007169572
0.23164964880637043
0.22725160018880144
0.22297995377448276
0.22082089859123327
0.21497638808464936
0.21296915359024501
0.21109058175663303
0.2091062174103436
0.20537530526446085
0.20366572930663368
0.2018656981673993
0.1965090272167839
0.19472898095133934
0.19302360044834643
0.19133509075860292
0.1881042530137782
0.18655288293530511
0.1818459223039876
0.18033884463774094
0.17871921710414376
0.17731397132887516
0.17588684279323488
0.17017468973782815
0.15959432244616292
0.1533450714027999
0.14767764016495197
0.143311007642467
0.14105458221192652
0.14002590565000092
0.13804907471393477
0.1340384100587739
0.13114316383238978
0.12663245463516176
0.1029216503942131
0.10159340483204828
0.09975692575821112
0.09268190870814379
0.09213678684308552
0.05133944907333425
