0.27634536771762397
0.12966075694812823
0.07647344454281996
0.052797931462738396
0.034721619038636034
0.02578707427655414
0.019900259392280482
0.01655290860028869
0.014074619335114788
0.01468421195681556
0.009995740073046667
0.00852742519081279
0.008866510779025158
0.006799795967046093
0.005359516352915329
0.005988223098461083
0.004406011769949989
0.00476889840532595
0.005186718238661891
0.004152401626340674
0.005381803076794042
0.004556283473190253
0.005029265662210101
0.005186951619733911
0.005004740351482798
0.005354826588339406
0.004423617223832723
0.004624648849238569
0.004520723856782766
0.005087967756204246
0.005704988322352054
0.006452468996315139
0.004824570668746616
0.004317841810944989
0.004663232092534065
0.004598942988486416
0.004250860790471816
0.004461682927673439
0.004341120003918457
0.0053035610864477205
0.005885116530988145
0.00443172118624523
0.0046916931088367515
0.004408916139608646
0.0046642476860482285
0.004506348320434048
0.004323866509189882
0.005119427609275942
0.005042165861232334
0.004255594632590178
0.004354673012059189
0.004447389011041842
0.004673274911921324
0.004726020167847607
0.005535302078498062
0.004990628863442654
0.0052491786685895945
0.004258546123195926
0.004336549189700415
0.004958442309797141
0.004810640124243736
0.0055217106605989705
0.004969712014003293
0.0043254253838428255
0.0055701478408702225
0.004180093216205892
0.004276277583466911
0.0054921120530511715
0.004522991413524331
0.004193225982425376
0.004236731351234529
0.004385370787306399
0.004391074757487907
0.004798714187141035
0.0042929844171929335
0.005925487753390476
0.005074826907229475
0.004400119603928594
0.004216150511144925
0.004465785408139964
0.004731156793986489
0.005809586125704788
0.004284005079212916
0.004371163101705024
0.004248441803682331
0.005526207343855765
0.005128526815031374
0.004578700906955291
0.004165101611812833
0.005398998901924409
0.00442484707490151
0.006512168494384133
0.004863424345360025
0.004445977183967156
0.004495171403268598
0.0046617959961433595
0.004260528750048164
0.004945864050839644
0.004526476959141093
0.004264256814298631
0.004199625475314598
0.004156386546471941
0.004386673163569524
0.005025498290236854
0.004156878092703423
0.0042119269905837985
0.005253821271648958
0.0042645077863909826
0.004231825033251569
0.005246843039602746
0.00430426987652696
0.004270145496286529
0.004263385848850988
0.004454708851471115
0.004268819909622779
0.00483298254921787
0.004235975757194734
0.004443851687680954
0.0049681430689236
0.00514729292336731
0.004200387612701299
0.004215187071866791
0.004318704889103617
0.004280203857515954
0.0056616508240227075
0.00419482366126892
0.00463422342010824
0.004220341123822054
0.004313987004531908
0.005404661439928674
0.0042167687717220076
0.004374844370808808
0.004211710077460117
0.004304678168033276
0.00425095855347374
0.00429962998094735
0.005003142432727181
0.004520664902341316
0.004735366820479354
0.0043308338110453915
