0.041366661627493216
0.013420876150748448
0.0066651504522061734
0.005014624280901487
0.0026913469656597057
0.0023133316393280897
0.0022036736140618927
0.0024523600308588257
0.0024533526837196133
0.003028713614351686
0.0023692067746243057
0.002252485320878124
0.0024718688165131695
0.0023203831072357525
0.002217277435436013
0.0023571784608770636
0.002232454895175189
0.0022926753585044523
0.002302733830035224
0.0022332594088153796
0.002276953569197857
0.002240186991738119
0.002286771239511338
0.0022856835784541875
0.00230679404761417
0.0023080769858994255
0.002247571351692121
0.0022637698655096645
0.002247795667631639
0.0023324377496354047
0.0023557610116922484
0.0024132267514936014
0.0022871712830421624
0.0022461821569348937
0.002253097056913735
0.00225824411355515
0.002235673760386009
0.002237725539558103
0.0022377807187689354
0.0023164419561094362
0.00235969803225347
0.0022446638870361408
0.002271325983399751
0.0022549645171649063
0.002271934178932513
0.002249916885295702
0.002248398004611853
0.0022936337691892095
0.0022848316774489006
0.0022423230160183967
0.0022502200385764904
0.0022533964947083975
0.002265143865464251
0.0022809043780386675
0.002342363413639419
0.0022897711924467637
0.002321535202469153
0.002243847247932542
0.0022491146333330544
0.002294036437279512
0.002271021746981425
0.0023256537178336085
0.002302095952320222
0.002244090663295243
0.0023320761268542842
0.002230262438285843
0.002230225723956274
0.002342568824949884
0.002266668313875455
0.0022320134683949753
0.002249346973007548
0.0022563215152219705
0.002248988257002771
0.0022731239276442923
0.002243140779582296
0.0023674621615422647
0.0022983324796073084
0.002233780161252764
0.0022393670175552163
0.002250797816990819
0.002272598508105422
0.002355570632655525
0.0022427186249933144
0.002242105993804514
0.0022361204290480335
0.0023471933292152315
0.002299034707753131
0.0022698302897181766
0.002235758322420859
0.002345008918841906
0.002288306481347173
0.0023953730288929875
0.002282841144904966
0.002252451495205516
0.002253350278645219
0.002268649997687175
0.00223425069088005
0.002292145521601677
0.002248662674003663
0.0022421802386721535
0.002237903512391642
0.002236421656353049
0.0022463972052105623
0.0023140071449388577
0.002236831380772189
0.0022361249377958244
0.0023116465544434483
0.002249046692697908
0.0022394404930772224
0.0023085546531154666
0.0022563486226347077
0.0022541610819991945
0.00224610859338706
0.002245611617103429
0.002240237905588544
0.0022774137743184117
0.002245110831190412
0.0022514013232089736
0.0023010836475298186
0.0023197131576325335
0.0022400890107047338
0.00224006528635581
0.0022497585195494995
0.0022427934923777773
0.0023692291074181963
0.002237990001410243
0.0022769868172768677
0.0022446364552688655
0.002247718587282888
0.002349754876093375
0.002243704145062547
0.0022508000814966417
0.0022431375576242667
0.002247889420626203
0.0022421399128570575
0.002245935375817943
0.0023118292131064726
0.002266876841649723
0.0022868239588657623
0.0022505840424834156
