0.8588854880416594
0.8434584971178634
0.828273530156304
0.813525980712184
0.7992152107010082
0.7858197326504641
0.7717018659370143
0.7584763179538326
0.7455795089276185
0.7335503924162916
0.7213875881112745
0.7088319572653461
0.6983723877770324
0.6858579582206062
0.67474832615439
0.6639564767280866
0.6534119068102004
0.6430692551779137
0.633028497335758
0.6260266165403267
0.6135638256333941
0.6041012379704364
0.5950524969531513
0.5860361014247888
0.5687507892351411
0.5688197729337595
0.5521325937272042
0.5441255740424498
0.5362519944415132
0.5285812856138201
0.5210410118629537
0.5136680508430869
0.5064842318949682
0.499463642680559
0.47919799110466366
0.47273304445077646
0.4662474373515317
0.4600474814315878
0.4480091061174101
0.44206988686558796
0.41440531947070697
0.38923860860455783
0.3662657783164191
0.35349314420316813
0.3493619194456497
0.34529874825070833
0.33740324396634963
0.29847933584989145
0.2579651163770633
0.24073357023797062
0.23387581368102656
0.11898242288742707
0.09267021745491208
0.07111232463769354
0.05988276101089224
0.0570852720563535
