0.0
9.152660037157187e-07
1.436447529159553e-06
2.095003727901055e-06
1.4406014703851824e-06
2.8386515582096154e-05
1.0330050510320141e-06
6.743593596508385e-07
6.926257897340354e-07
1.1477887645943753e-05
1.0010495743467418e-05
2.2043173147491907e-07
1.3759814441613046e-05
2.7989387456080095e-07
1.642842719877313e-07
8.818852433109469e-08
2.002266100171253e-07
5.473091599974714e-08
1.2399607449104953e-07
1.1045426382443484e-05
1.5535292079874327e-08
0.0
1.3064250067069557e-08
5.39037136930275e-08
9.935731224836613e-09
7.217821268781399e-06
8.903097453653395e-09
2.810922572774553e-08
4.886340434619041e-09
0.0
0.0
4.534110854596469e-09
3.6208592796663666e-09
0.0
0.0
0.0
0.0
1.7610053374560986e-10
0.0
0.0
0.0
2.571129662902266e-09
0.0
0.0
0.0
0.0
0.0
0.0
0.0
0.0
0.0
0.0
0.0
0.0
0.0
0.0
