0.004609411956475259
0.003969189950562977
0.0032323815843344076
0.0027541368802051717
0.002391311141862869
0.002103767790106278
0.0018661532292222824
0.0018180775046309897
0.0018236597722330417
0.001825036775369003
0.0018258949075069487
0.0018202972481069094
0.0018253625032120361
0.001825571451725754
0.0018311849770650307
0.001833185915303021
0.0018219144218547384
0.0018259840775498234
0.0018256598569472184
0.0018284833145528275
0.0018328807477077848
0.0018291856290599117
0.0018273082492343664
0.0018338582761391886
0.0018275194695883588
0.0018332814112342836
0.0018439529489904648
0.0018346237343973288
0.0018368926385783288
0.0018362682065590833
0.0018374987240181951
0.0018335693182760003
0.0018422659425296282
0.0018469648510471399
0.0018616575181617785
0.0018361964048542545
0.0018337066922819592
0.001833874176646261
0.0018324565265731333
0.0018403252839820584
0.0018350586792815896
0.0018341242987269229
0.001832685613790747
0.0018412354991033599
0.0018279786379805756
0.001825682943050632
0.0018371146626482595
0.001848120750239041
0.0018391148991250112
0.001823500883013373
0.0018438317711075886
0.0018335062224767561
0.0018339377875876929
0.0018403273127540714
0.001836411117266489
0.0018390732170362105
