0.0033380791427596664
0.002910464640582117
0.002443074480622917
0.002124837116791987
0.0018786773154707474
0.001740745143148731
0.0017345778584733564
0.0017366965705353245
0.0017402036295100425
0.0017411201219858072
0.0017416027791573106
0.0017378456712000452
0.0017395168045168218
0.0017408424028022835
0.0017443272055576167
0.001745633808587929
0.0017387511919294866
0.0017413018827134056
0.0017381084302810006
0.0017421179855717753
0.0017443838102869336
0.001742217921701557
0.001738858069236998
0.0017458455127546794
0.0017411752923583404
0.0017447611270671756
0.0017518708049477397
0.0017471348279444188
0.0017476729564664551
0.0017382471382487185
0.001746317121514635
0.0017453966063115584
0.001749127631591558
0.001751004749513294
0.001767137540934875
0.0017474097022377644
0.001745594687640556
0.0017431596201942354
0.0017401069315353863
0.0017472323236363055
0.001745099566692656
0.0017429598362889845
0.0017449899335231533
0.001750213125090168
0.0017418840621572426
0.0017387550789326623
0.0017449262491304835
0.0017555064968909023
0.0017470109248803735
0.0017386036606478748
0.0017492899026817874
0.0017437911434990934
0.0017438989177150886
0.0017476287399079697
0.0017448716925606467
0.0017478788842994783
