0.0
1.6622381136469273e-09
3.84522144420688e-09
7.594393673866611e-09
6.2692272690517705e-09
1.555386314205628e-05
6.884223129742789e-09
5.6171317629985186e-09
6.437028349551476e-09
1.316832433723037e-05
1.4218731530625855e-05
2.94557167386289e-09
2.6327209574440068e-05
6.4165205334279764e-09
4.987788328595949e-09
2.4945447018784562e-09
6.704887736915611e-09
2.2859287651943076e-09
5.600261930286596e-09
4.886635095427699e-05
1.269092836590826e-09
0.0
6.703972774589972e-10
4.123296210071947e-09
8.730114820811331e-10
7.183054141023801e-05
1.3819081723728213e-09
2.9687965590578825e-09
2.6741421292800027e-10
0.0
0.0
6.552408682173136e-10
4.006924895558746e-10
0.0
0.0
0.0
0.0
1.0245017420688039e-11
0.0
0.0
0.0
1.3228364424240005e-09
0.0
0.0
0.0
0.0
0.0
0.0
0.0
0.0
0.0
0.0
0.0
0.0
0.0
0.0
