0.0
4.9759396693495755e-08
5.12217768765693e-08
5.2236065049336284e-08
3.4979380454571885e-08
1.4760389362388655e-07
1.533256261141969e-08
9.062068159709208e-09
7.5428660930882e-09
3.7005634833260836e-08
2.684983497195465e-08
2.366656665804329e-09
3.207261874921195e-08
1.7221364338631353e-09
2.401631260163468e-09
5.34173925207016e-09
4.603550496309112e-09
1.7001168683924638e-09
5.062188728280004e-09
2.8649810690393813e-09
5.562043185009427e-12
0.0
3.12428308281342e-09
1.952306969289198e-09
2.134009826717985e-09
2.2671432721519114e-11
7.785599801020443e-11
4.764196374315809e-10
1.597799921094616e-09
0.0
0.0
1.3943169051110328e-09
6.033628865677906e-10
0.0
0.0
0.0
0.0
5.991049057326077e-11
0.0
0.0
0.0
2.05420790595506e-10
0.0
0.0
0.0
0.0
0.0
0.0
0.0
0.0
0.0
0.0
0.0
0.0
0.0
0.0
