0.019600236044837505
0.016477112518423268
0.013272337519326476
0.011131547965720709
0.009540499664715336
0.008297255830262968
0.007262268927821102
0.006416209453006744
0.0057095247087890055
0.005148586235480694
0.004661625582582315
0.004192961352994787
0.003863339323263873
0.0035125297987272223
0.0032792801935307165
0.00328798891308423
0.0032301833113116806
0.003252632928824372
0.003258932504286695
0.0032612905202061672
0.003291267529603388
0.003228369243081499
0.0032974804390386234
0.0032730717471407683
0.0032604879726117904
0.00328070031992503
0.003315875885652185
0.0032797884460761145
0.0032725495342186316
0.0033030935900433857
0.0032848701007251414
0.00326973943711671
0.00330969215044764
0.0033421834131624195
0.0033802256880177146
0.0032929409299579785
0.003245214501609165
0.0032604305330977278
0.0033011834926659216
0.003288162776744567
0.0032847569740850754
0.003251954280182347
0.0032636479300449436
0.0032912892062955477
0.003253827748387245
0.003236627128671361
0.003269981381419677
0.003299916274344267
0.003264059569881831
0.0032213111296991283
0.0032823338660237927
0.0032566911740214122
0.003243806880649471
0.0032650647197785035
0.0032497194992009136
0.003257896102978087
