0.0
9.417494137104184e-10
1.3154630910986378e-09
1.2946308688566144e-09
9.966396253635933e-10
2.5011699406043904e-09
9.17533300713669e-11
1.187500971401565e-10
1.4019812474505488e-10
1.2949458612389026e-10
1.2942580784987204e-10
1.2040458445059154e-10
6.746427557981028e-11
5.43264733104454e-11
3.783007440839129e-11
1.1833230260986123e-10
2.252633719946439e-11
7.01157362416671e-11
5.680271805715404e-12
3.7735334418435244e-11
5.849612760307825e-12
0.0
5.055546502159677e-11
3.439775790516755e-11
4.811485393902656e-11
2.25673221741715e-11
3.930646414619554e-12
1.425847060047026e-11
9.411858124952796e-11
0.0
0.0
4.326061643819136e-12
8.395850689587702e-11
0.0
0.0
0.0
0.0
7.561194859429601e-14
0.0
0.0
0.0
1.574981882529681e-11
0.0
0.0
0.0
0.0
0.0
0.0
0.0
0.0
0.0
0.0
0.0
0.0
0.0
0.0
