0.32485390764206495
0.2945074167030155
0.2646369743860107
0.2397645952956523
0.21890857978649567
0.20110515687672595
0.18457405359924028
0.17035687591600507
0.15766192885542968
0.14693020469906662
0.1370210154206832
0.12727452346168486
0.11999579256904128
0.1118771075304068
0.10501060912086185
0.0989864977699601
0.09339759394333641
0.08807238240897214
0.0834899204982581
0.08034768537056694
0.07498621583255616
0.07098175386540605
0.06796918771407824
0.06454927134913567
0.0589327570485315
0.05895574615883167
0.05379184769448486
0.05154026652464191
0.049304340478403055
0.047343289898106156
0.045378234945321824
0.04357197319283411
0.04194058958784297
0.04044696100913652
0.036271649353321354
0.03502428641037086
0.03358378292312097
0.03249928289567697
0.030515513555776985
0.029431838540887184
0.025203630114137697
0.021820787268614306
0.02102198129239584
0.021584584539070688
0.020850958040771812
0.02037570835355351
0.020958796508269612
0.020722784382719774
0.01969180607031261
0.018905456760724835
0.019867827141900406
0.01784149836932184
0.017251067005612925
0.01710013964167162
0.016715010268481763
0.016763742551550304
