0.0
2.0048612259289425e-09
3.39488511446691e-09
3.1981123480962092e-09
2.181316682034934e-09
7.927016332708754e-09
8.341405638420838e-10
3.1324994377266373e-10
3.263758527778486e-10
2.991669082128542e-10
2.9700776451257624e-10
3.043614154394564e-10
1.6842159886647992e-10
1.8342024565049538e-10
1.49599339383682e-10
2.245532316883828e-10
8.59693494722679e-11
1.175479553773929e-10
6.284555777313084e-11
1.149129694284643e-10
2.219606268883661e-11
0.0
1.5535545056186025e-10
7.35459624906294e-11
1.1395771663941639e-10
1.9465795944940895e-11
4.5411235694309665e-12
4.3976966923654377e-11
2.226487587627532e-10
0.0
0.0
3.969310779163012e-11
1.1146307114031098e-10
0.0
0.0
0.0
0.0
4.62725704986652e-13
0.0
0.0
0.0
4.181040562295355e-11
0.0
0.0
0.0
0.0
0.0
0.0
0.0
0.0
0.0
0.0
0.0
0.0
0.0
0.0
