0.8279488568665055
0.7066123249766553
0.6095302231090878
0.532131158760433
0.4669217808068471
0.41478713964766023
0.37080031138284497
0.33328733203788125
0.30148337587864676
0.2724255265017488
0.24840565589871483
0.22638560038257344
0.20831324306001098
0.19241582615958977
0.17891825369498982
0.16585422525838459
0.15428826598478262
0.14408320755499393
0.13422936076810588
0.12500833351457505
0.11769071248003687
0.11110376194193883
0.1049322974779429
0.09981407513611566
0.09286991510029555
0.08808771055253882
0.08369764206503585
0.07897402559522894
0.0757252330092726
0.07134220609003271
0.06851118512495565
0.0655169270448536
0.06319423075965912
0.06005955573344683
0.057469371950542726
0.05515901064377098
0.05241337422189415
0.05105644656653477
0.049079672458987846
0.04665804037992754
0.045624516847542367
0.04277980036184664
0.041586490444395
0.04029656697681174
0.039063975044607534
0.03767905535931538
0.036244808308625635
0.035476286043018106
0.03463278811589738
0.03342504544929607
0.03194193190823555
0.031081146786672707
0.03025685011410025
0.02967732079458079
0.02904820695884472
0.027745999145133524
0.026704330345110657
0.02639240198937036
0.030242401323182663
0.024690074943551313
0.0239813035720718
0.023379633559442028
0.022862435655322134
0.02272012742716427
0.022282048334098727
0.021136583642682213
0.020484508367568537
0.02231877128403646
0.02084134388714911
0.019058126868456697
0.019145944583787003
0.01887399258903551
0.018793246299074785
0.01823251094437962
0.017866049119603215
0.017530430844838678
0.01628360412814398
0.016794282378069843
0.016572384130454948
0.015312604904114277
0.014972595029304626
0.014880406889701131
0.015266706827595126
0.014265312562854267
0.015553246358150846
0.015446335261459339
0.01425316391154809
0.013144162387004998
0.013805246345980416
0.013182009172722347
0.013664188212552199
0.012918062298953767
0.01262851547789262
0.012818574972808989
0.011834454717078596
0.012736139636773575
0.011413808241640623
0.011185634686271845
0.01120664609599424
0.010677703190960567
0.010504169466934483
0.011118134963710056
0.011246441920706576
0.011625951784820085
0.010055257153714347
0.010366936775341114
0.010737136544814825
0.01351130196582323
0.009360502506098864
0.009671943541293913
0.008881313518632007
0.009096624905625987
0.010039024427782133
0.008466818459843055
0.00975121014135073
0.009763800634101193
0.008727777225207413
0.008590950336677533
0.007741219976665106
0.00868387344908296
0.008823577614716147
0.007951401369956562
0.008514158022079839
0.007603151054887557
0.008615596543460861
0.007729627089599294
0.007521403731804853
0.007537481131680025
0.00826441674525929
0.007989262393300521
0.006728189480896837
0.011807107725416365
0.007565787032468552
0.007543982289350146
0.007374547522027141
0.00783553868862312
0.006986868637521069
0.006856040164633506
0.00745121834311224
0.007260633010402794
0.0068785898003591115
0.0073426357105851525
0.006474156558840105
0.006756532081333137
0.006827022236484285
0.006495072158636761
0.0064657305622017065
0.006501588244228345
0.006704007229683494
0.006454131052185359
0.006615800565508176
0.006683649741742974
0.006495510236742162
0.00658794830900706
0.006320461767171016
0.0062265474917658535
0.015183356157028677
0.006887495379732912
0.006623057229037661
0.005971243829320145
0.007451084385507739
0.0061316664299935295
0.006007056161307476
0.006631320097372247
0.006155755349532405
0.005667765757847899
0.006240637133010071
0.015302410575282368
0.0060869672682872565
0.00626665458874687
0.005769078044165682
0.005227710639861032
0.006867818586366269
0.005233661490741213
0.005401163935215617
0.005479538069872206
0.005637342424314164
0.005240766546187478
0.005140081900563063
0.006066599380370108
0.005441937667074725
0.006078563401799966
0.005421520550812738
0.00549548397721697
0.005416565753689115
0.0058924820078682955
0.005632338890572071
0.00554580929336355
0.005802254443306445
0.005347129885072528
0.005545933953566232
0.0052686593616285
0.005555734474838929
0.005386737728660842
0.005277465981539754
0.005560588012032463
0.0057649133518375625
0.005256724880478018
0.0058290397332942095
0.005635974292878158
0.005358332779726335
0.0052630968843587886
0.007235774429299887
0.005767093143566398
0.007072513852056148
0.005341446881747871
0.006107926663218957
0.006295200766367638
0.007338525662756163
0.0058222193088175
0.0054039720141353465
0.005507955834478034
0.005495195423176944
0.007493931651430986
0.025062282729237242
0.010414579483825138
0.006227841361816734
0.0064279863182844415
0.006359397457154651
0.006738772313438451
0.005188031269948276
0.005522559869550654
0.028802687050937047
0.02039675909002243
0.010810651490577973
0.013147112032828909
0.010340455866943465
