0.019160179552842105
0.008452654123366224
0.004336353170517235
0.003505354975170081
0.0019750425091813084
0.0020460709823672024
0.001978382666256678
0.0018900421457508426
0.0020206566934086886
0.001477671687841651
0.001595021092502811
0.001288485902727526
0.0013596942884486366
0.0015718904255328948
0.001213540153075932
0.0011391929454778067
0.00104360890310893
0.0014020866081344138
0.0011710481860463884
0.0011707107606332495
0.0010300186317671511
0.0009206047092953808
0.0010169040726428747
0.000957897222464112
0.0008787452386353422
0.0010811489976170706
0.0010130898330550399
0.0010228993357764059
0.0009830850366779192
0.0011065843171626927
0.0008364886339132563
0.0008321109830521426
0.0007862307843261481
0.0008866892362414794
0.0008234074888137571
0.0008567271190289632
0.001049662471154905
0.0009848265546079963
0.0010374435577127509
0.0008139744833192792
0.0008590909301038767
0.000701989180774519
0.0010235684805135865
0.0009827573481364076
0.0011382681370641211
0.0006991734327051187
0.0010346822020201618
0.0007134070310917846
0.0007671980946096132
0.0007201912033455027
0.000663285166714371
0.001027835278518149
0.0006560399077262641
0.0007828578955186333
0.0008392784646897876
0.0008808793964477478
0.0010546926748323355
0.0008746447212941588
0.0019360945335327507
0.000625855057094624
0.0007120796052283919
0.0007136943515370997
0.0006882850516542545
0.0008562918441374548
0.0008114212858620079
0.0007620473542604828
0.0006418085468125073
0.0008856681186922463
0.0009391015699050136
0.000649901825712127
0.0007953287004917059
0.0007083624046626193
0.0007420943906170197
0.0006218657840060189
0.0006854278737478927
0.0007683288401780068
0.0006109343920310261
0.0007335087086010641
0.0008179736466048752
0.0005997465702341452
0.0006300149424173942
0.0006048876098316739
0.0007372221491439559
0.0005919352676440075
0.0006345903160882034
0.000762960358207917
0.000650745128516602
0.0006395950166395362
0.0006375252936691306
0.0005983389770442106
0.0006565971876735184
0.0006653727462952718
0.0006495884170005284
0.0006735557590365795
0.0006347485874837622
0.0006412557366370949
0.000610668738012345
0.0006348663045620247
0.0006268804329588036
0.000607920012787626
0.0006057130776284582
0.0005917681553961264
0.0006336071764820318
0.0006015317366773932
0.0006196116268407291
0.000616936028926109
0.0005951835641703108
0.0007924438376531881
0.0006300087605802858
0.0006428121832493343
0.0005239303375982946
0.0005918297219306122
0.0006313166490336024
0.0006017967890416401
0.0005873927282369988
0.0006885840664527278
0.0005777134893832415
0.0006061104671261665
0.0006176838313174027
0.0006050973739722454
0.0006274742052734645
0.0006107994412593426
0.0005977211592977826
0.0006192654089218552
0.0006076005453424688
0.0006022115756764317
0.0005881395622857161
0.0006821856479287833
0.0006078589769344771
0.0005848016167663037
0.0006016136885550101
0.0006796926507077178
0.0006810692739878176
0.0006398169736953326
0.0006061260221206764
0.0005959875163127105
0.0006803976330756539
0.0006205304761430953
0.0006853733404263816
0.0006633602611920396
0.000568681184306029
0.0006880425046042875
0.0005783372987634218
0.000620587194280078
0.0006318163335557164
0.0005759471220338248
0.0005233599779651164
0.0006017390035172466
0.0006552046749839207
0.0006058459741293293
0.0006880627078271805
0.0006450571774275283
0.0006679083557068721
0.0005771237323740252
0.0006879915467099094
0.0006551611196050428
0.0007249599025838855
0.0006584198748172239
0.000686673372462614
0.0006881077398207297
0.0006798761263753321
0.0006860299915104483
0.0006222721343264049
0.000603760147315231
0.0006054584148657175
0.0006880941904490112
0.0006335199191745241
0.0018231909404217725
0.0006309988736866007
0.0006855335624735532
0.0006610797201102083
0.0006879478122024149
0.000602345283743069
0.00068801272614661
0.000646529977209495
0.00065518015456122
0.0006332748677557478
0.0006880483951357858
0.0006880614821603516
0.0005894634068526058
0.0006332220676129267
0.0006853849556552907
0.0006468963310025774
0.0006468807056949411
0.0006468850949661757
0.0006862833349022451
0.0006331452271763876
0.0006332405106438896
0.0006469364880785774
0.0006880213869274281
0.0006332654999505164
0.0006880265746557376
0.0006469262680479041
0.0006879386134244271
0.0006880209389811096
0.0006550317310518111
0.0006879967928809152
0.0006880332149002432
0.0006468710444453062
0.0006060219649031465
0.0006880710011447311
0.0006880190559700413
0.0006069803539531722
0.0006880311355032894
0.0005239048747390295
0.0006880232003584507
0.0005252452499315677
0.0005235568277390366
0.0005231850730891954
0.0006879448296118582
0.0006876335748600886
0.0006840708084807144
0.0006872304575752274
0.000524019210701116
0.0007339192052891149
0.000574127205212388
0.0006054916290463724
0.0005230513705527972
0.0005239450130096761
0.0005236114772502213
0.0006849022069049974
0.0006841142299879297
0.0018773519241093673
0.001475280326908499
0.0007651617557669646
0.0007761524246093368
0.0005679339799156666
