3.850776976207163e-05
3.754191725285891e-05
9.521404930547944e-06
1.937430563949893e-05
4.754676052324765e-06
7.734095730188763e-06
8.37080742705034e-06
6.373494067744806e-06
1.148977310523031e-05
4.827892901766197e-06
8.994975323354727e-06
3.379183379832547e-06
1.6021743237555725e-06
5.506180774016614e-06
1.3217434146875025e-06
1.0353586616193354e-06
8.170439094593019e-07
3.875922814987352e-06
3.1802748441331723e-06
1.4223590568388e-06
9.307233435682171e-07
5.402417074283299e-07
1.0266247104194326e-06
6.343511119414343e-07
5.696706520101706e-07
1.2230801566552562e-06
1.108603960214602e-06
9.841214823301953e-07
1.219728187817182e-06
1.4568297537932288e-06
6.177266794630107e-07
5.491885839989742e-07
2.1595393280020642e-07
8.372654369756582e-07
5.337742373858967e-07
8.143027599181883e-07
1.441254024753405e-06
1.1278787353250342e-06
1.1449093469494325e-06
6.804450358037909e-07
6.529172202601422e-07
1.5062390620622366e-07
1.1739771236265054e-06
9.344150239857368e-07
1.507699592953682e-06
1.6791921279474953e-07
8.513894264985609e-07
1.6593052460681194e-07
2.2817539316886773e-07
1.1487227042342621e-07
5.9031893620899315e-08
1.4371966686595549e-06
1.7459966177698514e-08
6.603912527486403e-07
7.72264142803362e-07
9.711046026492415e-07
1.4346464913798828e-06
1.0245746293644506e-06
2.2464871544506958e-05
1.7091712941055576e-08
1.1087184528965219e-07
1.6257933819381916e-07
1.32910307614859e-07
1.1320568680910537e-06
4.076790270608534e-07
7.001149276718581e-07
9.694006343951021e-08
1.5441770856512798e-06
1.1635452433361658e-06
1.4165282660190976e-08
8.522427050054182e-07
1.895892633738705e-07
2.6673650534407425e-07
2.2877084876396887e-08
1.2674429361420183e-08
2.269199815041023e-07
1.6417004352033085e-08
2.471446261504909e-07
9.461553508689861e-07
2.3615342246523056e-08
1.3555551200608596e-08
2.0751165560180182e-08
1.072102967905243e-07
1.752544412235066e-08
2.5785786556801192e-08
8.541686137226058e-08
1.7462246260063282e-08
2.0429773534078674e-08
1.934133065481116e-08
1.4590853418929475e-08
1.1082710589113285e-08
1.5622219470510556e-08
1.745257638474453e-08
4.1762237829888426e-11
1.3302464590885325e-08
1.7409411169183968e-08
1.612039475417137e-08
1.5682281098743658e-08
1.7435776295792673e-08
1.9714651991984964e-08
1.8963803533689623e-08
1.8734278569675016e-08
1.598109118803957e-08
2.583231598639253e-08
1.9450488152836304e-08
1.917845794518582e-08
1.942035655707394e-08
1.5205944795873182e-07
1.1823318540194299e-08
1.1554499843471204e-08
0.0
1.5208928177105184e-08
1.978089064541944e-08
1.460929657392699e-08
1.5045556192724955e-08
6.206096515469301e-10
1.4514878440185181e-08
1.924743211444113e-08
1.4486288872205862e-08
1.2944012922621452e-08
1.6432948250875372e-08
1.5551199822928188e-08
1.499703884091769e-08
1.498821043097206e-08
1.415808508124638e-08
1.5337758855328266e-08
1.4842007828880962e-08
2.6443030446737707e-11
1.42065031170508e-08
2.0818828282827707e-08
1.4982555364880584e-08
8.562291601266877e-10
1.821635147706421e-11
1.321461415238212e-08
1.618522453190287e-08
2.325414094184561e-08
2.6582186435129093e-13
1.5295401124073927e-08
3.1622767784155954e-11
7.970089075760815e-09
1.2622045556222034e-08
0.0
1.4621304918000511e-08
1.5345417214873128e-08
1.4482315347128786e-08
1.3077920001426138e-08
0.0
1.4988439540111395e-08
1.0471778361330069e-08
1.633909361700813e-08
1.8805401372031863e-14
1.194467315748217e-08
5.629304898725378e-09
1.4218553161131762e-08
0.0
1.0472852380568818e-08
2.7147082301956276e-07
9.007266354953922e-09
1.8193490407118726e-12
1.8197193212194226e-13
0.0
2.5867406313644624e-11
1.575548431590006e-08
1.5787600877735172e-08
1.6677743855989857e-08
5.303713675874285e-14
1.4152129383078497e-08
4.476260565552282e-06
1.4135252566622342e-08
3.130920415393188e-11
9.315692066778752e-09
2.3548816201448165e-15
1.5374776063144356e-08
3.805015709318012e-15
1.2338484802002025e-08
1.0528086707907717e-08
1.469828905981161e-08
2.125629848190012e-15
2.5837895475143243e-15
1.5611230606563934e-08
1.4571602196234173e-08
3.0108118893598665e-11
1.2325351869488355e-08
1.2339253301112358e-08
1.2353043687211173e-08
2.0468284091308228e-11
1.4661986517861013e-08
1.4613207819326726e-08
1.2315859997980046e-08
4.579046895642e-16
1.4572204044521531e-08
0.0
1.2314960483916393e-08
3.284042825914453e-14
4.743486257690113e-14
1.0657102204845351e-08
1.8595654281298388e-15
0.0
1.2246734460107435e-08
1.6313136047452025e-08
2.9508286654329966e-14
0.0
1.6690538299294994e-08
4.255462529370871e-14
0.0
0.0
0.0
0.0
0.0
0.0
0.0
0.0
0.0
0.0
0.0
0.0
1.656490308823285e-08
0.0
0.0
0.0
0.0
0.0
0.0
0.0
0.0
0.0
0.0
