2.096929072195579e-06
1.2407077605877647e-05
1.6715970436491296e-05
2.8222979569306954e-05
2.9074202451765967e-05
3.399124709666598e-05
3.064783009774957e-05
3.706266903332651e-05
3.9762786780622074e-05
3.053797734034601e-05
2.6161894592150872e-05
2.285845534032735e-05
2.0579849250331355e-05
2.4427179873287582e-05
2.524897362599548e-05
2.810222165735796e-05
2.4438729989954256e-05
2.128805015865373e-05
2.0672887041631657e-05
1.0868999375892125e-05
1.309569626631146e-05
1.8617802696654233e-05
1.9895642597691494e-05
3.005670331646499e-05
1.0715501791298446e-05
7.073251517736445e-06
5.989018349700693e-06
3.2807589803269804e-06
1.1031963930427984e-05
3.5441188484415183e-06
1.2594454015906972e-05
7.357020107897735e-06
5.8673875322110256e-06
8.167841418576834e-06
4.857356817837212e-06
5.333296980902722e-06
2.811485360821796e-06
5.2046445741622e-06
3.716951000689824e-06
2.9001234172725165e-06
3.4745295927060483e-06
2.002227209155577e-06
1.6923989843159331e-06
1.9145524321821274e-06
3.2530771208042297e-06
2.491896515176461e-06
1.3408539197404849e-06
2.4004862725938238e-06
2.9731721664470464e-06
2.3435488612353254e-06
3.89491041218984e-06
1.7844071010114496e-06
1.63710270477602e-06
1.249733177411952e-06
1.3388820297809336e-06
1.522030465666979e-06
1.1022568751386442e-06
2.91520271783446e-06
0.0002187948296285667
1.2118318375302521e-06
5.23080389104236e-07
4.218367274398195e-06
2.221735435565932e-06
1.2376067272822817e-06
1.4776740379614408e-06
2.245360932139276e-06
7.001744222924562e-07
6.623681055861387e-05
1.136226113035775e-05
6.004991463383436e-07
5.479532910857804e-06
5.179868117657422e-06
4.817220635061687e-06
1.9963981244636002e-06
2.365320779869426e-06
3.087076733079005e-06
3.516058444894595e-07
6.515035950282469e-06
7.832423843429145e-06
1.850079802306961e-07
1.7409139663992071e-07
1.9032681944247123e-07
3.4305165983445585e-06
1.6092301336200056e-07
2.4755617950944426e-05
8.149975180193176e-06
2.409560139449813e-06
1.4092952512580089e-07
1.646782398360747e-06
1.527976769393999e-06
9.483074682716944e-06
1.6526587333902617e-06
1.6382799724866704e-06
2.7702418520950485e-06
6.868073890732718e-07
4.510001133987007e-06
7.720325054655387e-08
1.5520409023459906e-06
2.284188480136304e-06
9.80667155205034e-08
3.9565923367719313e-08
1.6287704018096911e-06
1.6322390691535198e-06
6.318951438550412e-06
5.49278747056364e-07
1.3317566242754304e-06
1.6051856805374467e-06
4.655461808311399e-05
3.8446760932158793e-07
1.2032922681422957e-06
0.0
8.272517673731217e-07
2.387013071339667e-06
8.026229637181142e-09
4.442525029542985e-06
1.3129913575136728e-06
1.0789354050333417e-06
1.4565447906794924e-06
2.12737366751524e-09
3.2599644737617455e-06
4.1882363369015044e-06
7.248877639577227e-07
2.6264881678492443e-06
6.552005171582725e-07
2.930650420049488e-06
1.3209004102451563e-06
6.501549794821065e-07
6.559067631491102e-07
2.766024211999507e-06
3.296035646992076e-06
1.19370758425386e-07
1.3622945042733767e-05
4.0362817707543413e-07
5.744411316232256e-07
6.025397599932663e-07
5.890174226625127e-06
2.4640702746542615e-09
5.452542476022642e-07
1.64422649078253e-07
2.498814839385539e-07
4.768259755157921e-07
0.0
3.3142916011319237e-07
1.955160987143331e-07
1.8464590958552178e-07
9.29498364158649e-08
0.0
3.2494765989730296e-07
4.69416125501275e-08
3.077693399228638e-08
4.402655085656636e-10
3.746588527614154e-07
9.225693017533404e-09
5.681432959181838e-07
0.0
2.87293932549049e-09
0.00010418884973688697
1.0989004026706794e-06
8.569534137809293e-07
8.176666792512683e-09
0.0
1.8167681154722913e-07
6.281415980017502e-08
5.608020533353195e-07
1.9662607146073446e-07
5.865591088082056e-10
8.67325780478475e-07
0.00016096231127759884
1.9892338097439728e-07
8.960737253497845e-07
3.7855308270147554e-07
4.344975095319066e-09
3.8584752681390724e-07
1.1329924066206756e-09
1.5551812692266178e-07
2.8033549645742257e-07
3.3594819868085643e-07
2.4915708334182355e-10
3.5037179250150286e-10
5.533495891541594e-07
1.76743522328093e-07
1.1383726683947615e-06
1.961918108095515e-07
1.777268218594379e-07
1.493081465340838e-07
1.1420957737312468e-06
4.298366047136158e-07
2.0850838970968903e-07
2.187375414412349e-07
1.7921409370381587e-09
1.8499214845359835e-07
0.0
2.4757279619333216e-07
1.3942514461021407e-08
5.765755740499639e-10
1.9451117938041039e-07
1.25838571330698e-08
0.0
5.868442892927079e-07
1.6617039883310733e-07
1.0084675823739648e-09
0.0
3.667574227726373e-06
5.0200837439983864e-08
0.0
0.0
0.0
0.0
0.0
0.0
0.0
0.0
0.0
0.0
0.0
0.0
1.1666610375386585e-08
0.0
0.0
0.0
0.0
0.0
0.0
0.0
0.0
0.0
0.0
