0.04536456614335775
0.020242942332119634
0.010800531406549973
0.00785956693341461
0.004844103450747097
0.004337192590676361
0.003739093206413246
0.003351631601173445
0.0033958851696262392
0.0023954808604095164
0.002503040721724115
0.002038147988274843
0.00211318641800268
0.002364437332614136
0.0018808076849280396
0.001822242105014979
0.0016827404568715196
0.0021037191032419376
0.0018282959974257349
0.0017571509452363604
0.0016081979944270396
0.001480584998827919
0.001601796426978268
0.0016000266706971207
0.0013728944347674405
0.0016251793125044971
0.0015234141631860754
0.001544531734758666
0.0014280172652763894
0.001616774125215381
0.0012829388867745084
0.001267709463089088
0.0012145617778495028
0.001334099871484615
0.0012343480754359757
0.0012809033846916766
0.001538811507441928
0.0014535623209955052
0.0015613654556287044
0.0012254363132039943
0.0012918244256292578
0.0010738503326363975
0.0015344382525650114
0.0014739465303148691
0.0016506721936218182
0.001086941593113579
0.0015614094170500904
0.001098961311114163
0.0011691544497322848
0.0010996065620177194
0.001019791582408111
0.0014719567515443699
0.001010610024618978
0.001155666514521747
0.001248194090157305
0.0013029882308484926
0.0015667951229177454
0.0012798082957017455
0.0028509532358181
0.0009702643464446311
0.001103127222091779
0.0011197085776671867
0.0010665394692917327
0.0012424748504370848
0.0012752077547404596
0.0011190003262760136
0.0009819352052952896
0.0013639799327108376
0.001388657028838965
0.000993672959751706
0.0011714075099719678
0.0011006873106640053
0.001165642208738078
0.0009491598534275553
0.0010505503665316582
0.0011864065410389971
0.0009371243721103704
0.0011488275464575277
0.0011801073368683766
0.0009117943076936945
0.0009731577203589384
0.0009208459607145488
0.0011429587254828074
0.0008999691175237091
0.0009885624175918247
0.001161641146513833
0.0010029189082592321
0.0009684224097627528
0.0009816254298637703
0.0009029203423427833
0.0010105747194357098
0.0010114703248315469
0.0009824975016927246
0.0010249831174170244
0.0009603016846961829
0.0009763703710927696
0.0009379772470286223
0.0009626497128711173
0.0009567846591846886
0.0009138889985186993
0.0009113324144634433
0.0008986880754348383
0.0009523273969906589
0.0009256261447709557
0.0009312952958331283
0.00092520818887642
0.0009087582143156107
0.0012055899674311389
0.0009441266801669588
0.0009614891685838266
0.0007760632016758277
0.0008817690002107379
0.0009522895629565831
0.0008979144263236466
0.0008898917261194713
0.0010431706176330506
0.0008601961323708176
0.0009120864393425401
0.0009228244447162951
0.000907001079732515
0.0009504872862859996
0.000912161919861496
0.0008930047853004253
0.0009248373273707821
0.0009096701342672342
0.0008993700625811692
0.0008766486752245603
0.0010229515096938937
0.000910420746562454
0.0008785653501397596
0.0008970173463375452
0.001043071307093779
0.001022982582971824
0.0009566504785987256
0.0009044483822144836
0.0008950336161972462
0.0010208260917239208
0.0009264635889848829
0.0010276653362022014
0.0009933321409328854
0.0008464065411906077
0.0010316466576019692
0.0008605981659189247
0.0009266445536828892
0.00094400951813271
0.0008571041177137959
0.000774930322001016
0.00089739802543509
0.0009805114507510939
0.0009036348674310056
0.001031749121462214
0.0009651724048697313
0.0009941678445084586
0.0008591606346348986
0.0010315773963801558
0.0009804707396780595
0.0012653233395573417
0.0009865985272388648
0.001030934148376917
0.0010322218163132686
0.0010195074904407729
0.0010287532255316284
0.0009292351055958817
0.0009004556028122164
0.0009024586058617291
0.0010318566927035768
0.0009476017000299881
0.0025015837309331763
0.0009430495250864109
0.0010282142641771872
0.0009905602367307061
0.0010316245969942649
0.0008992653869013768
0.001031650107210603
0.0009670674842258562
0.0009805487908426203
0.0009465171567823767
0.0010317353819683885
0.001031733818039955
0.0008786787942988165
0.0009462718615352168
0.001027798162143989
0.0009675548119331783
0.0009675112700461979
0.0009675189302266337
0.0010292476886936725
0.0009460837231214451
0.000946237469077639
0.0009678319525025607
0.0010317235185666705
0.0009463430924056799
0.0010316924005106388
0.0009676395514735683
0.0010318259500646987
0.0010318108844084657
0.000980169690226545
0.0010317325407768981
0.0010317159577260967
0.0009676937093229252
0.0009039988762331844
0.001031928899455321
0.0010317351657701747
0.0009096335868120677
0.0010318499370819225
0.0007768876809440115
0.0010316879633990258
0.0007794961837514639
0.0007752866414198349
0.0007743174801302999
0.0010320029707445108
0.0010311559923861181
0.001026201963461818
0.0010305951795882486
0.0007770453075778343
0.0013895749138488516
0.0009010700217987975
0.0009029246840811427
0.0007739034438550836
0.0007760644925935536
0.0007754050620178079
0.0010270702811407788
0.0010256906199245463
0.003327764315894099
0.002354060320415543
0.0012355510329078478
0.0012693532637895434
0.0009106613305465842
