3.718872294687034e-05
0.00022987854241503326
0.00012651399242538696
0.00013896732255957544
6.449563638473469e-05
7.02875083464507e-05
4.699665676300048e-05
4.390599791346302e-05
4.6099963947731674e-05
2.1266538764122148e-05
2.0741043218273077e-05
1.7088360236379822e-05
9.180470559929455e-06
1.8598059539336593e-05
1.0246259623170643e-05
1.0899777095636236e-05
9.718650385465455e-06
1.3410261441132427e-05
1.3924618126024675e-05
5.002989745062685e-06
6.404487024183434e-06
9.306930503379725e-06
1.0889696983196357e-05
1.2510638569802737e-05
4.012312941716418e-06
5.6082083468996374e-06
4.233891211862366e-06
3.156014888400559e-06
3.4088199616707105e-06
4.19486801506933e-06
3.897178098194225e-06
2.027933233515175e-06
1.640797073518249e-06
2.67739950785812e-06
1.8086021285807572e-06
2.698858082934827e-06
4.133048237981162e-06
3.265301067574551e-06
4.8488570321446566e-06
2.373914648637108e-06
2.6499774195799736e-06
7.333477600705032e-07
3.798422651447024e-06
3.539855821075759e-06
4.501144140590025e-06
1.2960788397428843e-06
3.1169842705402896e-06
1.1105776424945078e-06
1.3650054224144674e-06
6.984152571188464e-07
3.7043155302098104e-07
3.6217101747354015e-06
1.3045612340892346e-07
1.8092618860273234e-06
2.6553941063878615e-06
3.0484201709457856e-06
4.440084319965331e-06
2.9999539654942643e-06
0.0001045054794169151
3.5634553999844115e-07
7.119622798632585e-07
1.2710694678341948e-06
9.187320334015982e-07
2.9319196960678115e-06
2.6370663560279733e-06
1.875871475539367e-06
5.971627819304849e-07
1.5402422781194533e-05
3.950800850112549e-06
1.4002736634105622e-07
2.4846380688784006e-06
1.4001691119150626e-06
1.6969070317691157e-06
1.9686676786127074e-07
1.5488232696066913e-07
1.3993862066262829e-06
1.930771541175942e-07
1.6094818350587333e-06
2.605224752239035e-06
1.708813163072592e-07
2.2038114950981315e-07
1.8734343298947754e-07
5.931948264392764e-07
1.4145692387532923e-07
8.524526870534585e-07
6.732237047517667e-07
2.044510459907431e-07
1.4906113921102432e-07
2.3551585112773664e-07
7.896203316948488e-08
2.8979457860764094e-07
1.5465673522293076e-07
1.2765241106169734e-07
1.584857629880503e-07
1.021463628905402e-07
2.0820192204432207e-07
1.238806762326295e-07
1.0482353106331859e-07
1.9504830673490748e-07
1.1563093059765347e-07
1.1518392884171542e-07
1.7180156593834665e-07
8.839393926373831e-08
4.0025799044494373e-07
1.162408504563357e-07
9.398525363367632e-08
1.719189132228368e-07
2.2644694217717957e-06
2.1864213609394146e-08
1.673669861108849e-08
0.0
2.2646127320728172e-08
1.475815737926879e-07
2.0464149248870908e-08
1.7070338001067552e-07
8.22767412294106e-08
2.1804611725673317e-08
1.3458070738965633e-07
2.999777005345812e-08
1.6725711184109004e-08
1.4867875447415344e-07
3.0100157664155204e-08
1.5730683152622213e-08
2.3850379086253064e-08
1.4666642733772757e-08
4.309717886281299e-08
1.7729847642705636e-08
3.5629927455280076e-09
1.8063771102487203e-08
1.290957407968532e-07
2.9275640520502753e-08
2.7321542198798735e-07
1.6206833935203157e-09
1.2322778941875543e-08
8.131059070480497e-09
1.5933993324933436e-07
2.348137786187724e-11
1.749173507781302e-08
3.622726389899433e-09
9.515686916558667e-09
2.9007683720281533e-08
0.0
1.00065964305963e-08
1.8384646075549365e-08
1.6694167404209768e-08
2.501280927008123e-08
0.0
3.1738206430332834e-08
7.220651305783101e-09
1.2044736508768012e-08
1.5723132532880876e-11
1.834100745175101e-08
1.3766509659404635e-08
2.5927706455376627e-08
0.0
8.370354667466006e-09
1.0809698079552657e-05
2.025664876810692e-08
1.168468362718517e-08
3.3812294734827954e-16
0.0
3.948346936432223e-09
1.1450275579058705e-08
2.4677628092565277e-08
1.2813537457326835e-08
1.0056964787053159e-10
2.4465348786416868e-09
2.0670691204462726e-05
2.024207777053832e-08
3.928052895570347e-09
1.2907606584160025e-08
4.8930055931963554e-11
3.6286846324841546e-08
5.18386112762318e-11
1.063035774879346e-08
7.960076270668995e-09
1.230129055818836e-08
9.515629482508562e-12
5.284757918149131e-14
1.3977941433755316e-08
1.2286419504395753e-08
4.1731466440728696e-09
1.0491683947071137e-08
9.846994858088802e-09
1.0160834128470295e-08
4.735850286829278e-09
9.0656100610909e-09
1.1593096801318977e-08
1.1510967673179265e-08
9.30868690172382e-11
1.1963480954844432e-08
0.0
9.730730491119576e-09
1.640534981222871e-11
1.1808421897695603e-12
8.12720209924857e-09
6.179657286388528e-12
0.0
6.5367948927965175e-09
1.3984502544168968e-08
2.613980551419982e-12
0.0
6.022714923401336e-08
3.356493538944557e-11
0.0
0.0
0.0
0.0
0.0
0.0
0.0
0.0
0.0
0.0
0.0
0.0
1.4535090237782708e-08
0.0
0.0
0.0
0.0
0.0
0.0
0.0
0.0
0.0
0.0
