0.9804242971439824
0.9615464739633709
0.9431963079790441
0.9253954806009678
0.9080460095088017
0.8912236833566775
0.8748758199002145
0.8589391529175588
0.8434492619168102
0.8283425749726765
0.8136494137933631
0.7993309033940709
0.785427705489101
0.7718733227179576
0.758696918157375
0.7458031116853149
0.7332360106759767
0.7210239804755662
0.7090545456701195
0.6973956498393284
0.6859999959337079
0.6749432327671254
0.6641341515757271
0.6536484365484849
0.6431970166375265
0.6332350132518603
0.6233370559733803
0.613689782974409
0.6043138149360866
0.5951521854394702
0.5861697358299018
0.5774953846122894
0.568919860809393
0.5605338641702198
0.5523151509642058
0.544242594312302
0.5364857921080532
0.5288786415095367
0.5213180809221761
0.5138483807170883
0.5067274519090952
0.4995734068450315
0.49275257084607105
0.4859834105302903
0.4793730075457935
0.4728172593391123
0.4666018799684597
0.4603347435119292
0.45416332928498654
0.44823775843428815
0.44231116262411935
0.43660212792667347
0.4309022271555404
0.42544208097438213
0.4201106895372154
0.4147485584862226
0.4095155501116496
0.404386942115945
0.39927330141543693
0.39440449662419563
0.3895889547879797
0.3847377874252207
0.3800288437759395
0.3756394356374616
0.3711190468416956
0.3665163254187684
0.3621781131907701
0.3579810606810333
0.3537777937472111
0.3496312939333499
0.34558396161642047
0.3416400903365199
0.33786113128333645
0.3339658965856803
0.33017218924446906
0.326471736443882
0.3227837147457665
0.31920089625694525
0.3156934349305286
0.31214583712386873
0.3088366233361416
0.3054107988955787
0.3022000836631801
0.2989586571078586
0.2956228109374889
0.2926567970594568
0.2894970147330697
0.28637412100175996
0.2834463044397548
0.2804934547461881
0.27745339501089694
0.27480574066639835
0.27189646438230963
0.26918857988433115
0.26631231133280525
0.26367092535901393
0.2611558528616797
0.2583648807483565
0.25581686426043954
0.2533042864023555
0.2507245206065315
0.2482549815860282
0.24613829824306221
0.2434167537834807
0.24120333003596478
0.23898948028000383
0.23652814605794786
0.23443521024160116
0.23219451269110833
0.23016624286030207
0.22773083877955894
0.22575519546317854
0.22366545317269132
0.2215021723876256
0.21935132112335406
0.21768728708974172
0.21551606390052055
0.21154055149251633
0.2097060089928192
0.20775538139119953
0.2059668782165132
0.20423420222354738
0.2024899273382369
0.20065879753059018
0.1990404202434072
0.19701489892002302
0.19537427091361304
0.19392884588089265
0.19203484350926217
0.19037403157307956
0.1887109155480099
0.18710931070358092
0.18557657697420582
0.18435405663139628
0.18270457780970312
0.18095460004901667
0.17954290565175945
0.1781571749901239
0.17695854184434637
0.17544340524219978
0.17346686588565835
0.17142545028470574
0.16955675758797994
0.16828050727949825
0.16700160969696157
0.165282518961934
0.1639387565917381
0.16273216191384607
0.16199734117351344
0.16042091433378694
0.15959771758911356
0.15800264745459627
0.15690623577002366
0.15529660679567522
0.1547306436191698
0.1534051195184081
0.15150362996836017
0.15084223615037343
0.14993976661937883
0.1489613347350097
0.14724610306467464
0.1466204096203812
0.14534513357690698
0.14400293973555262
0.14309766156497114
0.14245103904989923
0.14113271294153684
0.13976092066694404
0.1387770389950372
0.1380902441308625
0.13717354556460606
0.1362848894296173
0.13462584238192477
0.1343866766055229
0.13307809078164967
0.13234408932560732
0.1312637195941069
0.13063885805071535
0.12973492214636184
0.1283066821434361
0.12765195697985512
0.12681232920779303
0.12596657962745092
0.12506576377204798
0.12424247163773733
0.12337554218159527
0.12246175270326055
0.12160905853874099
0.12079045758148677
0.12019448536944095
0.11916567785381965
0.11859441532454634
0.11763738523874122
0.11694713377768291
0.11620283706516278
0.11531210841305521
0.11463322637429431
0.11396012673766281
0.1129744573433908
0.11212263561633443
0.11171457402217876
0.1109897043653774
0.10963665006920359
0.10876294534341062
0.10669476659741896
0.10678238728961595
0.10530973817710039
0.10149408101479535
0.09958164253375142
0.09945451182013845
0.09885877942012153
0.09754772898830409
0.09752085935051943
0.09593592283859886
0.09395373217310857
0.09274532063893608
0.09167612893000127
0.09091666057393476
0.0857446899400868
0.08148744598049627
0.06683495342132323
0.06575297409316697
0.05094083213804669
0.030954023721919306
0.021152697846806647
0.024365700888684744
0.020343987696748875
