2.1603944957898222e-05
1.474261696607134e-05
3.862891152429261e-06
8.988009577990157e-06
1.8778350731251499e-06
4.152071101578491e-06
4.686349899492427e-06
3.615715178750021e-06
6.494382765318066e-06
2.830973393187503e-06
5.183760313440519e-06
1.9592489681084507e-06
9.496702765433758e-07
3.2464542704077346e-06
7.488879022811899e-07
5.401719979467627e-07
3.8040231620109566e-07
2.308248279892795e-06
1.8126144270751142e-06
8.829394099404812e-07
4.890112819075136e-07
2.57030502723028e-07
5.861348218928655e-07
2.7000244124797797e-07
2.8485389537610566e-07
7.32355842673253e-07
6.540203470416867e-07
5.778723240605732e-07
7.764806471206596e-07
9.292279133922579e-07
3.3463180240662547e-07
3.1034702137488605e-07
9.511925998945331e-08
5.083253095567726e-07
3.270450538720942e-07
4.966573740812579e-07
8.930962094510918e-07
6.97927279888592e-07
6.777942720779863e-07
4.09825707344252e-07
3.89665661014517e-07
6.674188539988587e-08
7.060886205890572e-07
5.351804880069595e-07
9.570841257177677e-07
6.029061947624835e-08
4.862435367200366e-07
6.080094531283612e-08
9.066854777048855e-08
5.011284354845083e-08
2.5994117672223838e-08
9.465005986797122e-07
6.0917571833455385e-09
4.320201789790994e-07
4.6604653820424226e-07
5.860397183881732e-07
8.632339467858353e-07
6.641755014277218e-07
1.1250423050672431e-05
5.717954943056839e-09
4.913184722622774e-08
5.4484604786266076e-08
4.4358719470290904e-08
7.433848998383217e-07
1.397450739052785e-07
4.557376183289301e-07
4.096967123920783e-08
6.591984997829259e-07
7.153385510067452e-07
5.271747335042144e-09
5.524319227144333e-07
6.2716063638042e-08
9.010728782167773e-08
8.125545774832243e-09
4.0485020793995306e-09
8.109253244874268e-08
5.747541135142611e-09
8.243581016434805e-08
6.125521140883591e-07
7.977566851292417e-09
4.633247417858793e-09
7.298094798051958e-09
4.8446272258420855e-08
6.142192505590166e-09
7.052277110879081e-09
3.729480115055424e-08
6.3695408007954816e-09
7.03178288267885e-09
6.6464494269193644e-09
5.797177171192585e-09
4.20674872336642e-09
5.294411577381576e-09
6.168402767940062e-09
4.0749181965091236e-10
5.286359419621141e-09
6.243465330831357e-09
6.180872676232391e-09
6.107439301142177e-09
6.110021719020937e-09
7.161094552880231e-09
6.80952105531427e-09
6.410925929414842e-09
6.081488448378435e-09
7.750647408002234e-09
7.12473021315016e-09
7.176048631132237e-09
6.562016143547901e-09
5.8979517560595876e-08
5.0374975569586135e-09
4.741509392027112e-09
0.0
6.233446936948406e-09
7.106515801232549e-09
6.058566459449185e-09
5.2462600047627675e-09
5.007916224524928e-11
5.87985633528441e-09
6.877689282159468e-09
5.899805622424388e-09
5.608816917434121e-09
6.038005705834095e-09
6.3288983639135566e-09
6.2771184709912245e-09
6.125907375825848e-09
6.078069294742844e-09
6.1711350645011606e-09
6.111642378396388e-09
1.1668384323097198e-11
6.136068916415651e-09
7.440303189262268e-09
6.125086668556052e-09
2.446661960988976e-09
2.2274552389088404e-12
5.4275716022956055e-09
6.70676440896951e-09
8.16726687054563e-09
1.096573627859793e-13
6.285250721971521e-09
1.4110483653157683e-11
3.272363373510158e-09
5.089085737565953e-09
0.0
6.015272219687354e-09
6.3013696114113395e-09
5.910285981512192e-09
5.3765048569316785e-09
0.0
6.131210306570897e-09
4.3137516931788545e-09
6.730334137757997e-09
3.4036288847041573e-15
4.900360966662416e-09
1.618349836682391e-09
5.766318655204995e-09
0.0
4.312681132023462e-09
3.369865516012069e-08
3.6592619559277846e-09
5.6558805858757164e-12
2.498725163605375e-16
0.0
1.1977570182141356e-11
6.488763532114671e-09
6.459057175848464e-09
6.8132623087124705e-09
2.782666682748975e-15
5.946701316500456e-09
2.6439858563125377e-06
5.789802816140966e-09
1.4067393687251126e-11
3.792670622525472e-09
5.632082984412744e-15
6.212224279153187e-09
7.11877123996295e-16
5.052360488932925e-09
4.332078066427212e-09
6.028459863199236e-09
1.0693465465865359e-15
5.534471344223825e-16
6.475192706571257e-09
6.00013500576128e-09
1.4033161589172435e-11
5.072649242507317e-09
5.073464131666809e-09
5.078420572361428e-09
9.54190784610986e-12
6.024082748324083e-09
6.0045973319639245e-09
5.062075426130111e-09
7.556097862454425e-16
5.999002575866804e-09
0.0
5.069594071964902e-09
1.0543461045289652e-14
2.968750341841905e-16
4.361509361607307e-09
1.9008776452093612e-16
0.0
5.057749771145802e-09
6.726424232385107e-09
4.215899995565828e-16
0.0
6.614898144982876e-09
4.293395454814846e-15
0.0
0.0
0.0
0.0
0.0
0.0
0.0
0.0
0.0
0.0
0.0
0.0
6.770754815724653e-09
0.0
0.0
0.0
0.0
0.0
0.0
0.0
0.0
0.0
0.0
