0.2686094327479923
0.1473830742340512
0.09216690973568283
0.0647275216694408
0.04567936035390195
0.03670179496423607
0.029343322297306358
0.024456243180285733
0.02119867923532826
0.01644458788101958
0.014207874255848614
0.012091314621745956
0.010525523068652407
0.009968525250470392
0.009026895277676753
0.008195228816696017
0.00750783681278623
0.0071359999917709254
0.006461828542743033
0.005410811318394919
0.005466502381018528
0.005354012419035695
0.0052739126755512716
0.00573018157412607
0.00415498754292545
0.0046997189723384115
0.004228174085374308
0.0039387083520059565
0.0037896990809653678
0.004040025430550842
0.0037792337528350702
0.003616362237797893
0.0035441762277733904
0.0036717134326889906
0.003246853005722633
0.003351486796120478
0.0038958470064605778
0.003774355424956293
0.003994779725194819
0.003057559297176627
0.003214474991829557
0.002771630053842778
0.00388069496624649
0.0035240767340458615
0.0038809007039519654
0.0029047195341720816
0.0038849806117025026
0.002863328160327803
0.0028471543160284844
0.002775353851191168
0.002604567183610661
0.003285189802029595
0.0025966972912391155
0.002775408869731744
0.0030247059436725437
0.0031114620711435053
0.00375427760910145
0.003095318174999575
0.00669042825920535
0.002557386009821751
0.0028555929474887286
0.0029927169559792717
0.0027741370583169367
0.0028650470195754345
0.0032442371653712684
0.002696069098402819
0.0025142037805779742
0.003620739194538024
0.0033033403199371997
0.002523463560740586
0.0028107313540051988
0.002782656766069429
0.002884437637559029
0.0023770694142252265
0.0025300151482275015
0.0028741565825306566
0.0023411326972183595
0.002944667928245659
0.002618995158193996
0.002258519902893353
0.0024605121310654855
0.0023142945052384623
0.002936457115296662
0.002219411311401047
0.002706088767773224
0.0026943308379579946
0.002489935325283788
0.002301344663946102
0.002476434880142606
0.0021844512404896933
0.002572195719270613
0.0023531647629128874
0.002276112687909849
0.0023377487328341204
0.0022913122900926255
0.0023548422210441684
0.00230600628822817
0.002216211699138114
0.002349216910251207
0.0021445332631214505
0.0021731257780952806
0.0022203284523404023
0.002136260058091832
0.0024677436406765185
0.0021463775072582104
0.0020924752332409915
0.0022823393693421293
0.002949479896606552
0.0021064907506262425
0.0020662905496722714
0.0018503440251456038
0.0019792746841476995
0.0021854759874952467
0.002045909849535652
0.0021842983918444604
0.00232314154255278
0.0019517312629202428
0.0021571868546427083
0.0020549761617777917
0.002089754547961949
0.002242103907380992
0.0020254613701122717
0.001983839300338813
0.0020217812831986983
0.0020057387441908573
0.0020478063220087206
0.001976703265631223
0.002156858987112179
0.0020361378661435804
0.0021074696097143544
0.0020194296517495386
0.002569879535943559
0.0022219431758114597
0.002010012827476219
0.0019667129661640314
0.002092250725001544
0.002201551563081775
0.00199267467871392
0.002094979671861785
0.002043177673875386
0.0019601230678212784
0.0020525922996585634
0.0019056429152295691
0.001997362198816321
0.0020058107378710414
0.0019601972714220176
0.0018487154976011449
0.002006479101454441
0.002009074361284743
0.0019471119833327913
0.0020616911797356413
0.002042146645202776
0.001998662398337487
0.0019413031127276704
0.0020443371927917993
0.0020094380240003058
0.004426179080197819
0.002080327073188678
0.002118503614696241
0.002056162620507953
0.0021786208012048395
0.0020883728640618544
0.0019666551699032858
0.001981731382615699
0.001945084164880769
0.0020588399144894935
0.002023098301892364
0.005289366683811453
0.0020206374532054498
0.0021068162063319668
0.0020406224870176304
0.0020549421889497193
0.002020956285446267
0.0020440299848488073
0.0020028614360387328
0.002014273528719174
0.0019814340831477133
0.002043468489667113
0.0020502061972915283
0.0019668461807703166
0.0019763948944028506
0.002097269221186916
0.0019974646176446746
0.001999211550494764
0.0019888678399275672
0.002090056068035937
0.001978281546602717
0.001975039564198196
0.0020096789340170057
0.0020506496443137793
0.0019737334817834357
0.0020474582904508975
0.0019960253227880144
0.0020510853296149293
0.002054399007193991
0.0020079322800243475
0.002059504062731948
0.0020640325691240772
0.002003417644752298
0.0019329189819885582
0.0020519263536195043
0.0020506583145443406
0.0020556211783880314
0.002068293087293201
0.0018957674363238345
0.002049517349411264
0.0018445232786396648
0.0018141988326043869
0.0018612071045883637
0.002074337954933618
0.002057108753638009
0.0021184640125397666
0.0020738652351082365
0.0018934905575766982
0.006367785041235999
0.0023817508979460922
0.0019424240869988056
0.0018212886278714641
0.0018172266840016345
0.0018178667086846047
0.0020912857861969435
0.0021049303225511213
0.010492628872229693
0.006676257198028004
0.0034183184143946107
0.0038105397687370557
0.0029558745345701497
