2.7250848982361682e-09
4.349205631323356e-09
3.765472125927919e-09
8.313184316599047e-09
9.152687018125162e-09
1.1669936426773357e-08
1.1220194433397467e-08
1.7695605815957034e-08
2.3893426244368566e-08
2.4557987132259192e-08
2.995548602666028e-08
2.371869158510915e-08
3.331740100139238e-08
3.705075373035291e-08
3.841837386452497e-08
5.2469975404082125e-08
6.246451256306656e-08
4.957767811415979e-08
6.118457010266132e-08
5.4326788166078166e-08
7.129721033660256e-08
8.248623105646988e-08
7.627675025609442e-08
1.0620654699219966e-07
7.378978161601829e-08
6.055982872956179e-08
6.271736667213389e-08
4.775137861658991e-08
8.440066411546032e-08
6.56489245692938e-08
6.875049353068845e-08
6.599572742651122e-08
8.488458994026437e-08
7.273018627696424e-08
6.14739721281094e-08
7.388654646020433e-08
4.9879785238418905e-08
7.004983587286702e-08
5.799711411892752e-08
6.984774935231557e-08
8.73634570716806e-08
5.001004810295359e-08
4.6515703521089546e-08
6.616934455350456e-08
5.909420738437184e-08
5.703330537260121e-08
4.603879839043476e-08
7.833859677182096e-08
8.95524752496541e-08
9.022701286095499e-08
3.676155957604379e-08
8.871307926020462e-08
7.7213134198268e-08
7.893674595529762e-08
7.589987486674173e-08
1.004496552238191e-07
4.8765701569806735e-08
4.125944322419994e-08
4.80669576460081e-08
5.8278726599225055e-08
2.211959630281959e-08
3.003375588354612e-08
6.535617157655007e-08
5.761300741702378e-08
5.038851433867807e-08
7.813274175189185e-08
4.5108652110001044e-08
3.83817357073282e-08
5.8095859877346514e-08
4.6423712851837815e-08
5.253057335721807e-08
3.052055943612863e-08
2.978801933878128e-08
3.854707214792244e-08
4.913219597375315e-08
3.293104171824369e-08
4.324684558007218e-08
3.281783203151229e-08
4.141904422105918e-08
4.1057999820239104e-08
2.0509934816360036e-08
3.266689098062071e-08
1.509505465603992e-08
5.106599792250812e-08
1.9169818604221226e-08
6.43558158061104e-08
7.576676283814863e-08
3.5751584912592935e-08
5.570792708873384e-08
2.731897853806792e-08
4.991399865610196e-08
4.9844741250716744e-08
6.497264421948323e-08
4.3832898905958144e-08
3.798937502743157e-08
7.71280948199638e-08
2.223890944480397e-08
1.4582473901256134e-07
2.6115149119328788e-08
3.109439777109475e-08
4.046291220662268e-08
2.343310958260962e-08
9.391014618534227e-08
1.606604504819489e-08
1.825540265230653e-08
9.536970798197475e-08
3.0743290505741257e-08
7.078577011831872e-08
1.4340788851272457e-08
8.620038595286133e-08
0.0
7.663150937666508e-08
1.3058451423791013e-07
2.992452816299582e-08
5.335439118382506e-08
8.918570532156623e-08
1.2198865735770585e-07
2.5376416465991042e-08
3.104704733924443e-09
2.5290369534306804e-08
2.37131263351607e-08
9.44944718132751e-08
1.2097616184155485e-07
6.650377411346205e-08
1.1686404844729388e-07
1.4298494387583184e-08
1.2372612714002168e-07
6.085275303159973e-08
1.8926930000235483e-07
8.446593335137022e-08
2.7968853705639914e-08
2.532632447095129e-07
1.2173014643464576e-08
1.3248577792700583e-07
1.8286835365407885e-07
1.1384703686505282e-07
2.3095234210861363e-10
1.10238382271621e-07
8.503472257388996e-08
8.678915256451497e-08
6.399697301108042e-09
0.0
1.2497707566852817e-07
1.3663568345284988e-07
1.6119444435187853e-07
3.269469958597218e-08
0.0
2.577710799337819e-09
1.1601607244245814e-07
1.3878345689631763e-07
1.990597066538151e-09
1.2762297921098207e-07
1.961723533658284e-07
1.0660725666527901e-07
0.0
9.261189985473111e-08
3.174967915018392e-08
1.4516606321344988e-07
8.94743772179887e-08
3.054874409868125e-09
0.0
6.401263403775779e-08
1.4667150492587364e-07
1.2668570108293715e-07
1.897400567768259e-07
4.309321727837341e-09
1.4921693144176105e-07
1.405192752346498e-07
1.7575647231013923e-07
9.520061574356237e-08
7.789433383276893e-08
2.667985380119315e-09
4.845362901959877e-09
5.210760203109719e-10
1.3575441058821487e-07
9.094845404118099e-08
1.165623785208705e-07
1.2561811676653654e-10
3.4530166469036625e-11
1.3177160653290654e-07
1.1652149481766859e-07
8.670505094608498e-08
1.0509568300804307e-07
1.060556678353699e-07
1.019826773041176e-07
9.038602567929876e-08
1.3527880210919475e-07
1.3297930060423542e-07
7.544700526600792e-08
5.734402757444862e-11
1.216694380405001e-07
0.0
1.0287270539187032e-07
4.4536563798374504e-09
1.8086457389422374e-09
8.48228799582952e-08
8.231395328173457e-10
0.0
9.210086857400041e-08
1.3116044277863774e-07
2.2777372408726626e-11
0.0
1.4023514002284187e-07
8.587934659724162e-10
0.0
0.0
0.0
0.0
0.0
0.0
0.0
0.0
0.0
0.0
0.0
0.0
5.239623390891598e-08
0.0
0.0
0.0
0.0
0.0
0.0
0.0
0.0
0.0
0.0
